# step walker beta fx x1 x2 x3 weight ancestor
0 0 0.01 755967.5466082494 7.859232185634296 0.02128777329243501 8.220702574012513 1.0 0
1 0 0.01 579993.0952896303 7.890848186469918 0.01439178328194962 8.265758016151786 1.0 0
2 0 0.01 640120.8831247727 7.9001155153776255 0.020632447480910844 8.342568087109976 1.0 0
3 0 0.01 inf 7.9915671222282185 0.007910677736388302 8.293257179494997 1.0 0
4 0 0.01 651850.1434077622 7.9137394743634495 0.021156367457776867 8.354400950210945 1.0 0
5 0 0.01 inf 7.825555301633592 0.004957597878920517 8.371720647688052 1.0 0
6 0 0.01 701799.9740222676 7.955293003493836 0.014352787402603566 8.220837661411649 1.0 0
7 0 0.01 512559.2061751028 7.833139456165841 0.015012389660316658 8.296019372343038 1.0 0
8 0 0.01 449151.13290109916 7.885516662980883 0.015017091049193323 8.430400351704451 1.0 0
9 0 0.01 487658.23677955347 7.8141622644712445 0.010861323354923753 8.193377186308776 1.0 0
10 0 0.01 421885.8837172475 7.699440584125809 0.015658673823503548 8.299044927115869 1.0 0
11 0 0.01 396052.60563061567 7.749273290168027 0.012578977663922632 8.316452112089907 1.0 0
12 0 0.01 526306.3798493771 7.817343387427252 0.012401936755299594 8.197045840200598 1.0 0
13 0 0.01 inf 7.595073737380615 0.007725298102626719 8.185749086992818 1.0 0
14 0 0.01 501640.512835728 7.777908264869443 0.014468898218609519 8.241063458610917 1.0 0
15 0 0.01 376949.3349085263 7.790300347428962 0.012897743273508488 8.400204401196177 1.0 0
16 0 0.01 inf 7.8192054272244595 0.0018833322685579221 8.393397210130384 1.0 0
17 0 0.01 567311.3131211613 7.793676421666271 0.022101563492123513 8.327030058927074 1.0 0
18 0 0.01 387312.53094112687 7.711577698196197 0.017210643686158725 8.399201210987302 1.0 0
19 0 0.01 349423.377603403 7.62514101697319 0.014006520764346305 8.316383371210165 1.0 0
20 0 0.01 inf 7.764796362162925 0.006237647314311734 8.315615330408688 1.0 0
21 0 0.01 inf 7.758716300602801 0.007523332627545532 8.423182372484504 1.0 0
22 0 0.01 322036.75447962433 7.550798089149073 0.016507948612583676 8.356393371687819 1.0 0
23 0 0.01 298396.77627426013 7.5248200226883535 0.019762046368524164 8.446069145375793 1.0 0
24 0 0.01 282655.96843210433 7.379715532334796 0.02956440369824518 8.462456185338729 1.0 0
25 0 0.01 255073.596235761 7.4185937200434795 0.03426880341093846 8.628528157041162 1.0 0
26 0 0.01 289436.7560843844 7.482798125469917 0.036363743007054763 8.602604919348142 1.0 0
27 0 0.01 288234.4108508007 7.437414788087102 0.04511611059938823 8.617035336582877 1.0 0
28 0 0.01 312083.9526349569 7.618963456285133 0.030332349057687974 8.631450276571966 1.0 0
29 0 0.01 338200.2919180759 7.477090693828715 0.03503218627493829 8.471962427659543 1.0 0
30 0 0.01 233406.8983490988 7.362339701236007 0.019372010744075078 8.509177406644058 1.0 0
31 0 0.01 282536.77813167556 7.460843131943883 0.024021482590186556 8.484814267905584 1.0 0
32 0 0.01 217146.6952137967 7.358036395235149 0.0167283366134578 8.554877593773666 1.0 0
33 0 0.01 11400404.433840916 7.451033271132501 0.008881983587448204 8.45262889596908 1.0 0
34 0 0.01 198921.30497525493 7.317753702793855 0.014709743881985912 8.625635150092599 1.0 0
35 0 0.01 187902.41269074025 7.195970361125551 0.025983986839495172 8.721332400938394 1.0 0
36 0 0.01 176754.10206527723 7.173755924675251 0.020477210615562548 8.817487526657276 1.0 0
37 0 0.01 175699.45731186663 7.109624571648212 0.0335429819526224 8.81221621609591 1.0 0
38 0 0.01 192128.45282810353 7.089674977077507 0.042366250340929515 8.66631855980711 1.0 0
39 0 0.01 170303.39317445955 7.155418585957648 0.03631875400422678 8.94288818858864 1.0 0
40 0 0.01 165078.07569157996 7.11136322893798 0.03481200260482489 8.9927673375799 1.0 0
41 0 0.01 159042.3056579823 7.028964124948824 0.04141483181798524 9.043563816159548 1.0 0
42 0 0.01 157996.33604013937 6.963620357440091 0.04234972938867473 9.004391291271116 1.0 0
43 0 0.01 155094.89107760985 6.936391059916057 0.04226402221051489 9.072423366145266 1.0 0
44 0 0.01 155629.29188418595 6.999942295582837 0.038478139698315844 9.144231949592905 1.0 0
45 0 0.01 150570.3957866278 6.774081803140282 0.04086433558549213 9.187926744862182 1.0 0
46 0 0.01 155355.3245256772 6.796814592517196 0.03538678058418185 8.990187012347869 1.0 0
47 0 0.01 152673.68440780754 6.732458589965181 0.040280600564181764 9.003447983251865 1.0 0
48 0 0.01 153558.09308278817 6.980952588265476 0.04622374091359558 9.149681682576723 1.0 0
49 0 0.01 inf 6.966160229325521 0.04459650077669463 9.41039270387823 1.0 0
50 0 0.01 149762.15658206644 6.706141762090452 0.044501179493394674 9.10105367142423 1.0 0
51 0 0.016237767391887217 597469793.4432063 6.643717234972855 0.04033887386207835 9.037480888657566 1.0 0
52 0 0.016237767391887217 425985962.16721797 6.660311777849457 0.041663905138368505 9.063789516152962 1.0 0
53 0 0.016237767391887217 156703.70077074788 6.881144368821335 0.0399534163566079 8.97304723757323 1.0 0
54 0 0.016237767391887217 152298.79099481582 6.8112538455921126 0.042522675731713554 9.072110081429734 1.0 0
55 0 0.016237767391887217 152101.81431395593 6.766057510170734 0.03798616474142547 9.123258875038092 1.0 0
56 0 0.016237767391887217 153761.4422834785 6.737303821476802 0.03939666642709125 8.959712067544388 1.0 0
57 0 0.016237767391887217 149768.6891152338 6.716191886227932 0.04804602238273756 9.049995625642339 1.0 0
58 0 0.016237767391887217 153033.856284394 6.823417464863968 0.0495928332233625 8.992257078366556 1.0 0
59 0 0.016237767391887217 inf 6.656932112404955 0.05324896288856707 9.046548431634028 1.0 0
60 0 0.016237767391887217 1474172188.9030104 6.5472798183318215 0.040081562845856136 8.866671502539441 1.0 0
61 0 0.016237767391887217 inf 6.861921856691786 0.05109358160591311 9.000617699944723 1.0 0
62 0 0.016237767391887217 149625.29671936604 6.840189874456236 0.047367411681551896 9.19299980623817 1.0 0
63 0 0.016237767391887217 inf 6.7555046293234255 0.050383822331783415 9.31935703188578 1.0 0
64 0 0.016237767391887217 inf 6.814640818840029 0.04513896978218956 9.239836474361727 1.0 0
65 0 0.016237767391887217 inf 6.744029482021533 0.03824488899529061 9.255542621887924 1.0 0
66 0 0.016237767391887217 inf 6.942477112886393 0.05290453468539603 9.202093515184666 1.0 0
67 0 0.016237767391887217 150290.04946080924 6.805179008781221 0.048457196763949675 9.103518493188261 1.0 0
68 0 0.016237767391887217 inf 6.666040478984014 0.055649864445636806 9.281525088603454 1.0 0
69 0 0.016237767391887217 inf 6.712726239825971 0.03913352182781043 9.447944837828818 1.0 0
70 0 0.016237767391887217 inf 6.762709964096846 0.033788325930415156 9.480011363844003 1.0 0
71 0 0.016237767391887217 150831.4009742617 6.781290085989486 0.04284511480158264 9.128679481881678 1.0 0
72 0 0.016237767391887217 151364.5864856512 6.933750081653047 0.04951347962322491 9.169377439386343 1.0 0
73 0 0.016237767391887217 inf 6.795306117779314 0.04208684002405042 9.246638425167944 1.0 0
74 0 0.016237767391887217 149706.53327279355 6.863379065567514 0.049180608212864754 9.186252890633885 1.0 0
75 0 0.016237767391887217 152267.18652926487 6.905464265258065 0.04312355287955413 9.160366199422327 1.0 0
76 0 0.016237767391887217 inf 6.805214380561869 0.05234148935419556 9.087816284455133 1.0 0
77 0 0.016237767391887217 156763.244252657 6.942441811954617 0.0435836954293694 9.0151634853607 1.0 0
78 0 0.016237767391887217 inf 6.853333748326664 0.04784452146523224 9.234586672821653 1.0 0
79 0 0.016237767391887217 inf 6.823345792228748 0.05143001028863395 9.226212285975306 1.0 0
80 0 0.016237767391887217 inf 6.84822158519282 0.036390937932850906 9.202333574733695 1.0 0
81 0 0.016237767391887217 152873.4375931308 6.8710315723423045 0.047694587382556046 9.056825488262907 1.0 0
82 0 0.016237767391887217 149267.86678236592 6.774861064289485 0.04658870431378989 9.166393823682688 1.0 0
83 0 0.016237767391887217 150758.75800968177 6.704927313965943 0.04529434525111212 9.016814613241424 1.0 0
84 0 0.016237767391887217 inf 6.785551682858335 0.05104307182626919 9.051275307200676 1.0 0
85 0 0.016237767391887217 inf 6.513630793809883 0.05229495526454582 9.079680271215238 1.0 0
86 0 0.016237767391887217 inf 6.813219390136367 0.044403553491920336 9.201142704699702 1.0 0
87 0 0.016237767391887217 514313509.88772005 6.65184316047347 0.04944409500694518 9.172399944959812 1.0 0
88 0 0.016237767391887217 inf 6.752308664885371 0.051201038024459404 9.202345027315 1.0 0
89 0 0.016237767391887217 inf 6.679310627242801 0.03785375641624662 9.226366503323993 1.0 0
90 0 0.016237767391887217 150414.72781974816 6.7898689111145805 0.0449155344295967 9.129543145692255 1.0 0
91 0 0.016237767391887217 inf 6.812867310756585 0.04753367768108305 9.298723644107529 1.0 0
92 0 0.016237767391887217 1465044812.6621704 6.548402205049069 0.04201381126111558 9.118497407288082 1.0 0
93 0 0.016237767391887217 153832.9109884364 6.916782130046305 0.04234776000679821 9.103851112230235 1.0 0
94 0 0.016237767391887217 inf 6.8220227170626995 0.05723243577119498 9.307354291559419 1.0 0
95 0 0.016237767391887217 inf 6.7643176364870214 0.050090846148356835 9.375679011501864 1.0 0
96 0 0.016237767391887217 149995.9032923748 6.7611638846761615 0.04193625719686439 9.199143547112612 1.0 0
97 0 0.016237767391887217 152881.35992338578 6.842791161774995 0.04768415917493082 9.028342252289736 1.0 0
98 0 0.016237767391887217 inf 6.732969471914992 0.040714236534795195 9.427793732494107 1.0 0
99 0 0.016237767391887217 inf 6.705930324435403 0.042830441134397684 9.23002191978522 1.0 0
100 0 0.016237767391887217 inf 6.659096648440399 0.049662103934028645 9.268532935122524 1.0 0
101 0 0.026366508987303583 inf 6.86170040561553 0.051917572422065725 9.270582400452534 1.0 0
102 0 0.026366508987303583 inf 6.739675005526904 0.051457083794494755 9.173358339674392 1.0 0
103 0 0.026366508987303583 148160.9932711573 6.720909106580701 0.049774674004035444 9.138695345737764 1.0 0
104 0 0.026366508987303583 150032.32713009493 6.7454797986942365 0.04384877769734594 9.132778550259179 1.0 0
105 0 0.026366508987303583 inf 6.831369020272064 0.052945864503969924 9.264663681214165 1.0 0
106 0 0.026366508987303583 151763.95290648408 6.817402184171937 0.04760244431322262 9.05073505977728 1.0 0
107 0 0.026366508987303583 inf 6.828149770695171 0.05357775904797992 9.259180314997817 1.0 0
108 0 0.026366508987303583 1326227759.2888253 6.565129580770335 0.04878951041695758 9.146730302714861 1.0 0
109 0 0.026366508987303583 inf 6.694572048418864 0.05630679990953169 8.977611244800388 1.0 0
110 0 0.026366508987303583 inf 6.618247037636335 0.05598253794939447 9.12301939252259 1.0 0
111 0 0.026366508987303583 inf 6.475999553157528 0.044604933916205174 9.298648708382554 1.0 0
112 0 0.026366508987303583 inf 6.76831618355917 0.05053130363890762 9.084478029171914 1.0 0
113 0 0.026366508987303583 inf 6.6733594848504785 0.0503066870628454 9.007872526524926 1.0 0
114 0 0.026366508987303583 inf 6.938227581972952 0.0525974800910025 9.11964726926303 1.0 0
115 0 0.026366508987303583 inf 6.629215667568313 0.04489560597211229 9.359925614664153 1.0 0
116 0 0.026366508987303583 inf 6.728302174842863 0.05886764681110941 8.980542245916968 1.0 0
117 0 0.026366508987303583 inf 6.643472765685621 0.05253935646939311 9.14930148469021 1.0 0
118 0 0.026366508987303583 inf 7.1136619106599746 0.048499046010724564 9.224109077262634 1.0 0
119 0 0.026366508987303583 inf 6.684428453363103 0.0504301826869346 9.068933956175394 1.0 0
120 0 0.026366508987303583 149645.08945780096 6.854474052812598 0.04901947971549712 9.18298913079701 1.0 0
121 0 0.026366508987303583 inf 6.715353926177566 0.05633393994249013 9.142821960276668 1.0 0
122 0 0.026366508987303583 inf 6.740155127883338 0.05366482079332271 9.248168226179477 1.0 0
123 0 0.026366508987303583 152706.63937280755 6.724908813198099 0.04295877629690667 8.958983704927142 1.0 0
124 0 0.026366508987303583 151159.7651607184 6.746124277132623 0.044252792280380863 9.048819828225147 1.0 0
125 0 0.026366508987303583 277765080.8594892 6.67416141551904 0.043001620224041165 9.054482235579576 1.0 0
126 0 0.026366508987303583 362300595.0110774 6.666316390934368 0.04961668066908466 9.162108134488646 1.0 0
127 0 0.026366508987303583 inf 6.909236336811819 0.05426977464895494 9.068325161179082 1.0 0
128 0 0.026366508987303583 inf 6.869614582928165 0.05491077985366375 9.10808664705607 1.0 0
129 0 0.026366508987303583 inf 6.764711472974985 0.05179218096665799 9.088144969185612 1.0 0
130 0 0.026366508987303583 inf 6.608573191082647 0.052409371636078124 9.13665846339579 1.0 0
131 0 0.026366508987303583 inf 6.84583751712058 0.05098223094973822 9.14856273697621 1.0 0
132 0 0.026366508987303583 inf 6.642194882872209 0.054245574042573894 9.149268308511191 1.0 0
133 0 0.026366508987303583 150611.33625297016 6.799311395834984 0.04849933258210757 9.080047617063707 1.0 0
134 0 0.026366508987303583 151944.9320936926 6.732813863354976 0.044463500305486896 8.988745000709068 1.0 0
135 0 0.026366508987303583 inf 6.735244129905258 0.055408319486409924 9.048360240692753 1.0 0
136 0 0.026366508987303583 inf 6.551964410792405 0.05251276541754258 9.174395116670693 1.0 0
137 0 0.026366508987303583 151503.23444498092 6.806931926317708 0.04418948253458389 9.090337620856285 1.0 0
138 0 0.026366508987303583 inf 6.867809125535782 0.05306637032169702 8.980748762196043 1.0 0
139 0 0.026366508987303583 150114.55784706195 6.766679704215264 0.048858333545308136 9.070146956117785 1.0 0
140 0 0.026366508987303583 inf 6.7315522380542925 0.053122440238908525 9.077160271942237 1.0 0
141 0 0.026366508987303583 inf 6.854891859147925 0.057911712723216116 9.127012148251469 1.0 0
142 0 0.026366508987303583 inf 6.60615880183179 0.05054083679884164 9.050317341224508 1.0 0
143 0 0.026366508987303583 151836.40201883984 6.876408352287328 0.04113273055148928 9.185943803507273 1.0 0
144 0 0.026366508987303583 inf 6.751069721115237 0.050193689334262874 8.951461456069014 1.0 0
145 0 0.026366508987303583 inf 6.624630004927762 0.05017500814980666 9.15156798995392 1.0 0
146 0 0.026366508987303583 inf 6.672997072549256 0.0465732714842204 9.213292725800436 1.0 0
147 0 0.026366508987303583 inf 6.658654400288133 0.05445612058069283 9.213697183412346 1.0 0
148 0 0.026366508987303583 inf 6.715237603762837 0.06127804656758548 9.195645092438463 1.0 0
149 0 0.026366508987303583 inf 6.869850074698987 0.05609592541910912 9.062511624402465 1.0 0
150 0 0.026366508987303583 inf 6.68774741676126 0.04101809685442576 9.201584756815079 1.0 0
151 0 0.04281332398719394 inf 6.922340595933998 0.05567323075880984 9.117769565583256 1.0 0
152 0 0.04281332398719394 706868664.5884279 6.632789162702424 0.04443478948466954 9.197051882828582 1.0 0
153 0 0.04281332398719394 inf 6.843074648253023 0.052293170445739647 8.999907937997337 1.0 0
154 0 0.04281332398719394 inf 6.741394248535037 0.05279320008375816 9.193263376607021 1.0 0
155 0 0.04281332398719394 inf 6.744456808524813 0.050333848973144364 9.013544970697703 1.0 0
156 0 0.04281332398719394 inf 6.425974756766446 0.05294784480695832 9.151111047348849 1.0 0
157 0 0.04281332398719394 inf 6.850671355539214 0.0413400069482232 9.247649250392879 1.0 0
158 0 0.04281332398719394 154723.66062784495 6.926997280548366 0.048568497372690575 9.04390812770581 1.0 0
159 0 0.04281332398719394 inf 6.787927038679313 0.05343390627110455 9.193661736575159 1.0 0
160 0 0.04281332398719394 inf 6.640953946812958 0.04954693685156211 9.219051361052454 1.0 0
161 0 0.04281332398719394 inf 6.708196972397137 0.05396890499592736 9.120304985812773 1.0 0
162 0 0.04281332398719394 404676104.192255 6.66233014389195 0.04788341316225574 9.10529258045996 1.0 0
163 0 0.04281332398719394 inf 6.733775536960214 0.05054314553044228 9.183174351545848 1.0 0
164 0 0.04281332398719394 inf 6.733762273246245 0.05103732333419734 9.044631479468263 1.0 0
165 0 0.04281332398719394 151949.25914914958 6.821123651396466 0.04714759908248562 9.049955252175469 1.0 0
166 0 0.04281332398719394 inf 6.9040404669074 0.05336247890351893 8.984018326837063 1.0 0
167 0 0.04281332398719394 153569.45997781918 6.901841287681593 0.0480808370125205 9.059360399779862 1.0 0
168 0 0.04281332398719394 inf 6.740335678966297 0.059477067356650114 9.193019058666515 1.0 0
169 0 0.04281332398719394 inf 6.771528197814608 0.05808474645679553 9.019775095722308 1.0 0
170 0 0.04281332398719394 151213.22573458916 6.730268851483983 0.04707885447837993 8.994955785315362 1.0 0
171 0 0.04281332398719394 inf 6.647182547118201 0.05582962419488849 9.141761730743458 1.0 0
172 0 0.04281332398719394 148745.65338264758 6.7265332464439025 0.04939005047306691 9.107752996568477 1.0 0
173 0 0.04281332398719394 149673.2662092772 6.7397028451832055 0.04752240171756081 9.087007522576295 1.0 0
174 0 0.04281332398719394 inf 6.711345539809551 0.04882361652408015 9.3251029225075 1.0 0
175 0 0.04281332398719394 inf 6.834783003359589 0.051340141211087056 9.172599290917457 1.0 0
176 0 0.04281332398719394 148414.53681457232 6.72405213955183 0.04763155590110429 9.163522903832455 1.0 0
177 0 0.04281332398719394 99509741.18863007 6.690252776129779 0.0489634606804226 9.030372126152791 1.0 0
178 0 0.04281332398719394 inf 6.791749255926043 0.046225681481831975 9.205110424025312 1.0 0
179 0 0.04281332398719394 767180735.5623673 6.626645002991427 0.04297280951215243 9.150764477293173 1.0 0
180 0 0.04281332398719394 149607.9681397746 6.755281463842744 0.04845396689448285 9.093474138306672 1.0 0
181 0 0.04281332398719394 inf 6.761120007043706 0.051928110819886554 9.235138033236403 1.0 0
182 0 0.04281332398719394 1127217254.147925 6.58803971992779 0.04603417496840651 9.124799935247886 1.0 0
183 0 0.04281332398719394 inf 6.542416537584886 0.05467970743604356 9.051323631759034 1.0 0
184 0 0.04281332398719394 inf 6.619345664567008 0.04771845631747983 9.285257462490312 1.0 0
185 0 0.04281332398719394 inf 6.6202872003697735 0.04526393519212582 9.213972260033875 1.0 0
186 0 0.04281332398719394 302741372.95826876 6.671858253930111 0.04715131295332975 9.068775759623485 1.0 0
187 0 0.04281332398719394 149970.79687475326 6.800996586739712 0.0451786532960706 9.166772608254641 1.0 0
188 0 0.04281332398719394 inf 6.704171484400982 0.05902884374243611 9.140902769824887 1.0 0
189 0 0.04281332398719394 inf 6.583991204364498 0.054210691620746085 9.140128463952681 1.0 0
190 0 0.04281332398719394 inf 6.713493636069195 0.049531850064795685 9.262197491052174 1.0 0
191 0 0.04281332398719394 inf 6.677579614190293 0.056729851284479375 9.220716419885425 1.0 0
192 0 0.04281332398719394 inf 6.696166760049027 0.05128602773593311 9.193093381872332 1.0 0
193 0 0.04281332398719394 inf 6.626672256205266 0.04344275994177143 9.232420300246888 1.0 0
194 0 0.04281332398719394 544624920.4766269 6.648898882105684 0.041804916316510496 9.101145564136838 1.0 0
195 0 0.04281332398719394 inf 6.756833788925078 0.05293444336271318 9.145675436103645 1.0 0
196 0 0.04281332398719394 inf 6.716620129695741 0.050138442741926637 9.182364740186769 1.0 0
197 0 0.04281332398719394 inf 6.629084093435892 0.04444819297635231 9.266332157782605 1.0 0
198 0 0.04281332398719394 inf 6.778073122834556 0.05891234310219817 9.046845105984781 1.0 0
199 0 0.04281332398719394 inf 6.53461516932013 0.044976417635211666 9.255984607803613 1.0 0
200 0 0.04281332398719394 149602.9914113901 6.7678357310088035 0.04642406758482691 9.137753277964356 1.0 0
201 0 0.06951927961775606 1694253112.3455067 6.519289029377058 0.044645541235607156 9.112021183471613 1.0 0
202 0 0.06951927961775606 inf 6.739443117010572 0.052251307236887846 9.178300304736311 1.0 0
203 0 0.06951927961775606 inf 6.779788925555744 0.04336588835334134 9.341687607042859 1.0 0
204 0 0.06951927961775606 315095243.7355049 6.670714654953251 0.04897825117589673 8.989073716170626 1.0 0
205 0 0.06951927961775606 inf 6.418087461285848 0.05639189789273347 9.16519494913118 1.0 0
206 0 0.06951927961775606 inf 6.928381932312988 0.05344975256926962 9.083658739016801 1.0 0
207 0 0.06951927961775606 148711.21484103648 6.708176740964725 0.04905430304872136 9.09724884777081 1.0 0
208 0 0.06951927961775606 inf 6.60678217352719 0.0558719611452774 9.095332296563734 1.0 0
209 0 0.06951927961775606 149536.9833724412 6.807027493891483 0.04810215553656392 9.15465134166194 1.0 0
210 0 0.06951927961775606 inf 6.622492658946072 0.048070223124652804 9.22411969719009 1.0 0
211 0 0.06951927961775606 inf 6.810888297359266 0.05143962142507424 9.143566188873521 1.0 0
212 0 0.06951927961775606 inf 6.6747590150700065 0.05145199455916138 9.017661196013261 1.0 0
213 0 0.06951927961775606 inf 6.772023931717982 0.05155982029240179 8.790224533856424 1.0 0
214 0 0.06951927961775606 inf 6.837125773857048 0.05060791398986566 9.153780344189244 1.0 0
215 0 0.06951927961775606 inf 6.720741560879178 0.0562962792648293 9.177136381774282 1.0 0
216 0 0.06951927961775606 150371.75898908637 6.743379500541856 0.04529282315682786 9.07974412908254 1.0 0
217 0 0.06951927961775606 156055.43514136225 6.870583517725576 0.04235330212746033 8.971577070134607 1.0 0
218 0 0.06951927961775606 inf 6.8126264474381815 0.05891515581734607 9.091340046409293 1.0 0
219 0 0.06951927961775606 215740642.6008672 6.679828169416644 0.04749529028230282 9.140032071320988 1.0 0
220 0 0.06951927961775606 inf 6.353802441948149 0.05427909857585226 9.093208423729713 1.0 0
221 0 0.06951927961775606 inf 6.634454442034987 0.05542027352168628 9.144482787023872 1.0 0
222 0 0.06951927961775606 inf 6.677535239949518 0.050238162190913614 8.998913331233915 1.0 0
223 0 0.06951927961775606 151234.7245716739 6.866691371586652 0.04889088942570795 9.113271315717801 1.0 0
224 0 0.06951927961775606 inf 6.594565356978387 0.05455388158965582 9.196156157106868 1.0 0
225 0 0.06951927961775606 150493.78148442163 6.754139528206154 0.04323715375886142 9.118546941226336 1.0 0
226 0 0.06951927961775606 inf 6.899861823949952 0.04563237423174788 9.267326514188325 1.0 0
227 0 0.06951927961775606 inf 6.680263870401442 0.0505578342397475 9.143906013780432 1.0 0
228 0 0.06951927961775606 inf 6.816490424321392 0.05349063150667809 9.090063037305299 1.0 0
229 0 0.06951927961775606 152531.67804014147 6.912955833931289 0.04651092889061756 9.121364968046132 1.0 0
230 0 0.06951927961775606 159898804.87937206 6.6848680983388125 0.04174820296244003 8.961932935691888 1.0 0
231 0 0.06951927961775606 148781.23852166487 6.761027574642196 0.04926175710329757 9.141782255511567 1.0 0
232 0 0.06951927961775606 157702.9920815857 6.982519157542974 0.04884867952367252 9.016597330305453 1.0 0
233 0 0.06951927961775606 inf 6.987583474284466 0.057031954737667125 9.202158231269282 1.0 0
234 0 0.06951927961775606 inf 6.6706264202009615 0.05233933229785719 9.314373282821096 1.0 0
235 0 0.06951927961775606 inf 6.62347802651142 0.05317665924511568 9.234275218298373 1.0 0
236 0 0.06951927961775606 150543.95188036087 6.871062654351388 0.04599334576390901 9.186045806155919 1.0 0
237 0 0.06951927961775606 inf 6.709088413780759 0.052550937350281164 9.174936388938308 1.0 0
238 0 0.06951927961775606 150013.93499416945 6.73219674616386 0.043053996487266634 9.13910683294927 1.0 0
239 0 0.06951927961775606 inf 6.691155928425975 0.052286719394994255 9.13859660383962 1.0 0
240 0 0.06951927961775606 inf 6.653453078786303 0.051264465400158735 9.28525265961618 1.0 0
241 0 0.06951927961775606 96196460.39408931 6.690546247203392 0.04480227458109994 9.157684344864396 1.0 0
242 0 0.06951927961775606 inf 6.552506149397115 0.05085067778025525 9.161256242002704 1.0 0
243 0 0.06951927961775606 241189586.36814785 6.677511934314334 0.048092307604409336 9.119578699312584 1.0 0
244 0 0.06951927961775606 inf 6.6483099971024515 0.055660300729845985 9.107324929206252 1.0 0
245 0 0.06951927961775606 inf 6.878812268481427 0.051651615183398426 8.981881463857258 1.0 0
246 0 0.06951927961775606 inf 6.630820454649907 0.053036401597469474 9.225855377128443 1.0 0
247 0 0.06951927961775606 inf 6.7477307235785124 0.054513080102340634 9.153422104524735 1.0 0
248 0 0.06951927961775606 inf 6.543663560255062 0.05273677205848658 9.147727893186225 1.0 0
249 0 0.06951927961775606 inf 6.786021251979111 0.049368700522886236 9.218885106034973 1.0 0
250 0 0.06951927961775606 149107.30495180402 6.73489362929127 0.04726966019644753 9.125865089820264 1.0 0
251 0 0.11288378916846889 inf 6.934318581904278 0.05448061319096197 9.04554966616719 1.0 0
252 0 0.11288378916846889 inf 6.708442352655134 0.05077815545872118 9.156720974293282 1.0 0
253 0 0.11288378916846889 115066793.7849981 6.68887209689393 0.04179403384734335 9.010525447375034 1.0 0
254 0 0.11288378916846889 inf 6.871167681257931 0.050929307020714985 9.226490314631198 1.0 0
255 0 0.11288378916846889 inf 6.82820418130669 0.05173729039208266 9.29951781193796 1.0 0
256 0 0.11288378916846889 inf 6.817722307440086 0.05128186595193154 9.152122687717142 1.0 0
257 0 0.11288378916846889 inf 6.779363147336674 0.05249504964060321 9.148788758922207 1.0 0
258 0 0.11288378916846889 inf 6.573508118100321 0.049927748307823344 9.287523734227111 1.0 0
259 0 0.11288378916846889 inf 6.719556469744214 0.051048916511160294 9.250582451552548 1.0 0
260 0 0.11288378916846889 inf 6.707442469664775 0.051162949727235965 9.211337354787814 1.0 0
261 0 0.11288378916846889 inf 6.828556681698541 0.052074389531248204 9.148678359405064 1.0 0
262 0 0.11288378916846889 316655863.2963721 6.670569955432116 0.04779507795895256 9.010556423649 1.0 0
263 0 0.11288378916846889 inf 6.726072638308002 0.052291167553888476 9.084376722667908 1.0 0
264 0 0.11288378916846889 inf 6.670241264841741 0.053422938171406385 9.18212268201167 1.0 0
265 0 0.11288378916846889 inf 6.607541745981543 0.05689444069286353 9.165330499393185 1.0 0
266 0 0.11288378916846889 680159286.6780169 6.635482667308838 0.04702169119779094 9.076784359840302 1.0 0
267 0 0.11288378916846889 inf 6.715339348025982 0.058497361113926206 9.14750630530326 1.0 0
268 0 0.11288378916846889 150618.27227633816 6.748095366076043 0.04654424623833242 9.051225697350228 1.0 0
269 0 0.11288378916846889 inf 6.715193950892837 0.04923156839611182 9.303933754954105 1.0 0
270 0 0.11288378916846889 inf 6.585816298740525 0.04704419031686352 9.237835364184157 1.0 0
271 0 0.11288378916846889 inf 6.9410088451882155 0.051914172959487706 9.167742174014247 1.0 0
272 0 0.11288378916846889 150812.04342865074 6.78210441616764 0.04721241908315313 9.06627227663453 1.0 0
273 0 0.11288378916846889 inf 6.770232474958198 0.057828386534154654 9.094369720193704 1.0 0
274 0 0.11288378916846889 148383.27837576612 6.748251683649406 0.04880854106447734 9.166460459482114 1.0 0
275 0 0.11288378916846889 1037210445.5366613 6.598017308996798 0.04397826168453001 9.106612443912296 1.0 0
276 0 0.11288378916846889 inf 6.829743864917885 0.052199852127181784 9.066872556582304 1.0 0
277 0 0.11288378916846889 152281.65177690762 6.9128588844213095 0.04387288826843769 9.158170843840312 1.0 0
278 0 0.11288378916846889 inf 6.633504974942139 0.05773654255247767 9.225735249415704 1.0 0
279 0 0.11288378916846889 inf 6.754434039109529 0.05301947354069386 9.120380166630273 1.0 0
280 0 0.11288378916846889 inf 6.770933233536167 0.0566188059788703 9.22820452996242 1.0 0
281 0 0.11288378916846889 150672.5738316048 6.785638443780649 0.04693528046273919 9.080743601076977 1.0 0
282 0 0.11288378916846889 inf 6.645764249323346 0.05156755597175867 9.274918197973143 1.0 0
283 0 0.11288378916846889 inf 6.683544190592268 0.05023609026627871 9.148868246561959 1.0 0
284 0 0.11288378916846889 150149.5892529159 6.750625386638659 0.04211726703478655 9.16918687612971 1.0 0
285 0 0.11288378916846889 183654101.47831395 6.682731216305363 0.04504193946990873 9.03218504574394 1.0 0
286 0 0.11288378916846889 inf 6.587726488462419 0.05033537087520822 9.022083730250465 1.0 0
287 0 0.11288378916846889 546260733.3331351 6.648739235514718 0.04642414407904591 9.143543113971198 1.0 0
288 0 0.11288378916846889 inf 6.695241927851782 0.05021229395655326 9.145765181171651 1.0 0
289 0 0.11288378916846889 inf 6.66359384629899 0.05591930387064916 9.042475156430847 1.0 0
290 0 0.11288378916846889 inf 6.873464782094268 0.0539110869471053 9.229942392767656 1.0 0
291 0 0.11288378916846889 inf 6.708179872322534 0.05294625721023729 8.985605502950031 1.0 0
292 0 0.11288378916846889 1093188673.5346117 6.591838957299987 0.04714353230110892 9.02547194973366 1.0 0
293 0 0.11288378916846889 381477777.0413597 6.664516907353729 0.04806283539494587 9.182736354885195 1.0 0
294 0 0.11288378916846889 151007.06808136526 6.792431208916975 0.04564037001389331 9.085008547432492 1.0 0
295 0 0.11288378916846889 inf 6.767388773083646 0.05207959859997517 9.021850538137484 1.0 0
296 0 0.11288378916846889 inf 6.669390377261955 0.054520803854526435 9.131911784695335 1.0 0
297 0 0.11288378916846889 710099214.4382614 6.632462274770975 0.0484333791238409 9.05386354876528 1.0 0
298 0 0.11288378916846889 151617.7914440998 6.953353837951276 0.04816870018530606 9.188534162201213 1.0 0
299 0 0.11288378916846889 inf 6.872789543663098 0.05554737648768219 9.301122261798204 1.0 0
300 0 0.11288378916846889 inf 6.733169915873008 0.05705133337393249 9.061334656322824 1.0 0
301 0 0.18329807108324356 inf 6.623844157654847 0.05304590067534895 9.021505823824565 1.0 0
302 0 0.18329807108324356 inf 6.7205931193831745 0.04604664987671074 9.29852443434779 1.0 0
303 0 0.18329807108324356 inf 6.629569106777077 0.06178923444358554 9.079759319516985 1.0 0
304 0 0.18329807108324356 150299.85977308924 6.731674850813158 0.04907818642292149 9.022702773229685 1.0 0
305 0 0.18329807108324356 inf 6.869156914509768 0.05374561922636513 9.05003858017061 1.0 0
306 0 0.18329807108324356 inf 6.599608046720572 0.05287177802068884 9.128380891196683 1.0 0
307 0 0.18329807108324356 151207.59866316273 6.835022275109016 0.044605980295102265 9.129862351679117 1.0 0
308 0 0.18329807108324356 inf 6.695290410179201 0.0603862475167844 9.14481454068331 1.0 0
309 0 0.18329807108324356 150254.7265178798 6.80932018870259 0.046732144824065014 9.131490178182665 1.0 0
310 0 0.18329807108324356 inf 6.775315735231084 0.05598222930385997 9.155506686554514 1.0 0
311 0 0.18329807108324356 147895.73810763305 6.745012475734108 0.049468701497666544 9.190253385017877 1.0 0
312 0 0.18329807108324356 inf 6.654713352841111 0.04053557767501998 9.236659538771924 1.0 0
313 0 0.18329807108324356 151826.83596368355 6.801964270444234 0.049244833782095494 9.019688748963844 1.0 0
314 0 0.18329807108324356 inf 6.811220447052557 0.055109598520320206 9.347114004755811 1.0 0
315 0 0.18329807108324356 147472.9869202419 6.710784761273894 0.04941963648374812 9.19556056203054 1.0 0
316 0 0.18329807108324356 150152.30156150257 6.706590416711283 0.04094807402804352 9.159322477628436 1.0 0
317 0 0.18329807108324356 inf 6.7756811940989765 0.04978779977101816 9.206562383581765 1.0 0
318 0 0.18329807108324356 149703.2963212084 6.764680716490493 0.046750436508117145 9.122065537860909 1.0 0
319 0 0.18329807108324356 945567592.4879936 6.607945880612505 0.04857715859463846 9.095665726348907 1.0 0
320 0 0.18329807108324356 1388798055.10771 6.557669625772873 0.043975370430780744 9.104483082466361 1.0 0
321 0 0.18329807108324356 1314571684.8980484 6.566505546646693 0.04230675984438512 9.083244081110568 1.0 0
322 0 0.18329807108324356 inf 6.732405299665453 0.056293838514924185 9.142288353003842 1.0 0
323 0 0.18329807108324356 150741.45569261382 6.797652946950118 0.043235314889459364 9.144158351123401 1.0 0
324 0 0.18329807108324356 inf 6.658262320838245 0.053305803112644864 9.134270088154992 1.0 0
325 0 0.18329807108324356 inf 6.742429426638336 0.05361111260158447 9.092118246354044 1.0 0
326 0 0.18329807108324356 inf 6.75421516505087 0.03835397021133592 9.271364596043973 1.0 0
327 0 0.18329807108324356 inf 6.766178025464515 0.051115790083491784 9.126684933000334 1.0 0
328 0 0.18329807108324356 inf 6.62923215851177 0.04775753573126431 9.436208833899231 1.0 0
329 0 0.18329807108324356 inf 6.574641959758586 0.04607154362221385 9.273680449268468 1.0 0
330 0 0.18329807108324356 inf 6.671203421908154 0.048515952833442955 9.329311372580603 1.0 0
331 0 0.18329807108324356 inf 6.669126385784836 0.051066203348345746 9.122300673266091 1.0 0
332 0 0.18329807108324356 inf 6.7245736390172635 0.04582127715387398 9.388324588743089 1.0 0
333 0 0.18329807108324356 222619948.29521963 6.679203449951675 0.04007293323572713 9.152702663788666 1.0 0
334 0 0.18329807108324356 148818.66083702235 6.708994244331836 0.04944246514669234 9.084364093711168 1.0 0
335 0 0.18329807108324356 inf 6.793201719803463 0.046973738237915216 9.378809803410785 1.0 0
336 0 0.18329807108324356 inf 6.876651604417615 0.05169015944343938 9.17606416745935 1.0 0
337 0 0.18329807108324356 897224588.3556753 6.613093354981157 0.047939195224044384 9.137433122692952 1.0 0
338 0 0.18329807108324356 150617.48036743118 6.7087906678649984 0.03898440465237668 9.181591970410864 1.0 0
339 0 0.18329807108324356 148701.4340634761 6.79102617443695 0.04909433276318362 9.180139766080464 1.0 0
340 0 0.18329807108324356 inf 6.802975582562184 0.04993396120467391 9.303622572165482 1.0 0
341 0 0.18329807108324356 inf 6.662140771150457 0.04739260701811314 9.320275186755042 1.0 0
342 0 0.18329807108324356 inf 6.7433899805635695 0.049876580604965026 9.345212008669135 1.0 0
343 0 0.18329807108324356 inf 6.745508158362239 0.05427831799807516 9.308299858130724 1.0 0
344 0 0.18329807108324356 149724.6723068833 6.742457828196807 0.04883370939104765 9.068585662511207 1.0 0
345 0 0.18329807108324356 inf 6.795853206190963 0.050448913010698065 9.225861019193664 1.0 0
346 0 0.18329807108324356 inf 6.688188871410999 0.0589469114492691 9.345229978901534 1.0 0
347 0 0.18329807108324356 148948.55754259034 6.724180899235564 0.04690134908433876 9.134456337373024 1.0 0
348 0 0.18329807108324356 inf 6.71538970019334 0.047032863691013456 9.222756014821348 1.0 0
349 0 0.18329807108324356 1113716098.0502343 6.589551037876135 0.04689538642553613 9.111653241932679 1.0 0
350 0 0.18329807108324356 131281210.5178127 6.687428007923209 0.044030901703795804 9.134714330504124 1.0 0
351 0 0.29763514416313175 148220.41929382205 6.721781768323371 0.049036926922749566 9.148659687388555 1.0 0
352 0 0.29763514416313175 inf 6.7374686601456455 0.0545653752966663 9.154130652634507 1.0 0
353 0 0.29763514416313175 151791.509589114 6.924675685653819 0.04956144002231569 9.141633050037115 1.0 0
354 0 0.29763514416313175 438920925.00274855 6.659081726639766 0.04605304216381103 9.144460096548196 1.0 0
355 0 0.29763514416313175 inf 6.7809924937056145 0.04703945098533462 9.216399816923925 1.0 0
356 0 0.29763514416313175 150449.47565936006 6.812651364845269 0.04481401089205808 9.15168853507175 1.0 0
357 0 0.29763514416313175 inf 6.798057631483186 0.04662012877872314 9.228642532474398 1.0 0
358 0 0.29763514416313175 936211179.9332305 6.6089468718025515 0.04770570033380233 9.163493021190204 1.0 0
359 0 0.29763514416313175 inf 6.683307571328438 0.054199571686118685 9.053363270689673 1.0 0
360 0 0.29763514416313175 inf 6.702207217466552 0.04760542662675731 9.2285883153572 1.0 0
361 0 0.29763514416313175 inf 6.695126862033051 0.03996005627725645 9.270796207059334 1.0 0
362 0 0.29763514416313175 1094458655.555546 6.5916977534167875 0.042892061091324575 9.177609783501733 1.0 0
363 0 0.29763514416313175 inf 6.661147190018827 0.049037489202388346 9.31642845061356 1.0 0
364 0 0.29763514416313175 inf 6.81607082020053 0.03903397227291087 9.213324319725151 1.0 0
365 0 0.29763514416313175 inf 6.542807562542091 0.051919603820754466 9.057271468818906 1.0 0
366 0 0.29763514416313175 149637.60868069023 6.727160263702232 0.043093616326161606 9.167127580269929 1.0 0
367 0 0.29763514416313175 inf 6.627524329461 0.03741572737488222 9.341713778284834 1.0 0
368 0 0.29763514416313175 inf 6.581202363518102 0.055509137770496056 9.311182963195213 1.0 0
369 0 0.29763514416313175 151292.19561393646 6.757252994443746 0.04769897100587673 9.011842894923424 1.0 0
370 0 0.29763514416313175 1341634696.356295 6.5633045584349246 0.04740246131594113 9.124349615652049 1.0 0
371 0 0.29763514416313175 inf 6.676001864313686 0.054007451759048794 9.132606233669028 1.0 0
372 0 0.29763514416313175 inf 6.672495031530971 0.046538167045181905 9.342289837532675 1.0 0
373 0 0.29763514416313175 inf 6.778130298089743 0.051706220225835486 9.158209076574073 1.0 0
374 0 0.29763514416313175 inf 6.721523958013425 0.049624047825504856 9.269515749582421 1.0 0
375 0 0.29763514416313175 446347950.3108675 6.658374362359823 0.03794020941642093 9.004985401223292 1.0 0
376 0 0.29763514416313175 148343.28920639429 6.710584440024824 0.04619034588785077 9.192484634877108 1.0 0
377 0 0.29763514416313175 149904.504351335 6.726016703856119 0.04847933743133594 9.045982085358535 1.0 0
378 0 0.29763514416313175 687226978.7318535 6.634771398263785 0.049152475420796024 9.185099804531859 1.0 0
379 0 0.29763514416313175 121601690.44461851 6.68829047803939 0.04505550745537369 9.185286455490493 1.0 0
380 0 0.29763514416313175 inf 6.770144761697798 0.0526361446167009 9.070159789307139 1.0 0
381 0 0.29763514416313175 inf 6.722509519318425 0.05375235489121828 9.30350694557293 1.0 0
382 0 0.29763514416313175 inf 6.67103727471318 0.05685716642502413 9.251361708056583 1.0 0
383 0 0.29763514416313175 inf 6.772219808197183 0.05155945773706021 9.168364663514142 1.0 0
384 0 0.29763514416313175 inf 6.784660635485204 0.04687928509274332 9.327087874180618 1.0 0
385 0 0.29763514416313175 inf 6.755377793319898 0.0522855952500508 9.214886714277105 1.0 0
386 0 0.29763514416313175 inf 6.755077192586226 0.05581773168609949 9.253061397721892 1.0 0
387 0 0.29763514416313175 150594.10688037565 6.754178375960769 0.04559066579752806 9.071858237240274 1.0 0
388 0 0.29763514416313175 inf 6.65711251941949 0.052983839794638346 9.222615061368804 1.0 0
389 0 0.29763514416313175 620924865.3966428 6.641397112943815 0.04499055064553968 9.15525997112108 1.0 0
390 0 0.29763514416313175 inf 6.728708008199145 0.048699495535915106 9.391183770211438 1.0 0
391 0 0.29763514416313175 inf 6.681667542376653 0.049943565915195484 9.209517383442257 1.0 0
392 0 0.29763514416313175 inf 6.682376845153889 0.0458786586923617 9.44188435577094 1.0 0
393 0 0.29763514416313175 147724.51477509388 6.7325300605234055 0.04936683867040399 9.194956092082757 1.0 0
394 0 0.29763514416313175 inf 6.759794141933791 0.045917028660235976 9.223450768434475 1.0 0
395 0 0.29763514416313175 inf 6.79409093033779 0.039986855502438606 9.389412874850887 1.0 0
396 0 0.29763514416313175 inf 6.696507444364366 0.055820189754244694 9.248816172684155 1.0 0
397 0 0.29763514416313175 inf 6.585297667749571 0.05202078498537517 9.120252860487911 1.0 0
398 0 0.29763514416313175 inf 6.87522685709337 0.05504207019128438 9.305415821535906 1.0 0
399 0 0.29763514416313175 inf 7.048598126090169 0.060053168857279404 9.264827317251417 1.0 0
400 0 0.29763514416313175 inf 6.7149584569796295 0.045739277582249833 9.335829269408315 1.0 0
401 0 0.4832930238571752 inf 6.951462607080918 0.053625515986272715 9.120642442739978 1.0 0
402 0 0.4832930238571752 2419013665.625931 6.411810662299249 0.04294318930066758 9.026541086514708 1.0 0
403 0 0.4832930238571752 inf 6.702456571465681 0.06277217621953869 9.234759881495984 1.0 0
404 0 0.4832930238571752 inf 6.672357857024247 0.05551504343794293 9.09152460206081 1.0 0
405 0 0.4832930238571752 1603362249.8527536 6.531068122533772 0.04455435498600027 9.156676599796922 1.0 0
406 0 0.4832930238571752 inf 6.494641785178808 0.05162469942618587 9.09310058363573 1.0 0
407 0 0.4832930238571752 inf 6.766890308918734 0.04911211664445088 9.339685073100227 1.0 0
408 0 0.4832930238571752 inf 6.7973441171250375 0.04720973274177001 9.246352654000525 1.0 0
409 0 0.4832930238571752 inf 6.598571401200464 0.04683774686297534 9.267401468091263 1.0 0
410 0 0.4832930238571752 inf 6.517807115511766 0.06205933117278979 9.268697566815943 1.0 0
411 0 0.4832930238571752 inf 6.78520834422002 0.04041373934905047 9.23554866280685 1.0 0
412 0 0.4832930238571752 289457420.6773043 6.673084755947693 0.040513452495056744 9.168340313290345 1.0 0
413 0 0.4832930238571752 150379.1377753482 6.743879012286819 0.043919649029683955 9.103515191787277 1.0 0
414 0 0.4832930238571752 153182.7980900508 6.844672464184613 0.0437417412481709 9.04807093239929 1.0 0
415 0 0.4832930238571752 inf 6.751156927914459 0.05419644986829852 9.211031479215949 1.0 0
416 0 0.4832930238571752 inf 6.699155291679907 0.0546004758544031 9.182247831602501 1.0 0
417 0 0.4832930238571752 152746.41421133443 6.862094674046448 0.04468033440295932 9.076671380488277 1.0 0
418 0 0.4832930238571752 inf 6.6621254101512895 0.05472293969121866 9.291037393789965 1.0 0
419 0 0.4832930238571752 inf 6.659602410556122 0.042481234002129546 9.27235080880875 1.0 0
420 0 0.4832930238571752 inf 6.594335741543441 0.057054985671400674 9.224314806452897 1.0 0
421 0 0.4832930238571752 inf 6.782320691559106 0.047690609743129414 9.242649181496372 1.0 0
422 0 0.4832930238571752 inf 6.598633292997799 0.0416978126874546 9.36761189730766 1.0 0
423 0 0.4832930238571752 inf 6.693612365892318 0.04528043554984152 9.232615333805631 1.0 0
424 0 0.4832930238571752 601007316.5215878 6.64336804334825 0.04085793550368384 9.12174543866116 1.0 0
425 0 0.4832930238571752 150172.9117465334 6.7751971981937205 0.044951918223693745 9.130748922486355 1.0 0
426 0 0.4832930238571752 149737.3486759165 6.7177389412061155 0.04166920277050346 9.191125902023654 1.0 0
427 0 0.4832930238571752 inf 6.752200797706034 0.05846073935212922 9.280818911642797 1.0 0
428 0 0.4832930238571752 inf 6.662000029035634 0.05364328599590698 9.192111943069694 1.0 0
429 0 0.4832930238571752 inf 6.682167896516893 0.051633731208497534 9.307618440732101 1.0 0
430 0 0.4832930238571752 inf 6.892194967457748 0.05333134355395036 9.13244404553424 1.0 0
431 0 0.4832930238571752 inf 6.718791864550872 0.053972216990849524 9.321845581379192 1.0 0
432 0 0.4832930238571752 149592.41580884543 6.819671510581447 0.0463803768070596 9.191114922116 1.0 0
433 0 0.4832930238571752 inf 6.69911518455146 0.061367860144443204 9.102315209833682 1.0 0
434 0 0.4832930238571752 inf 6.687851710810473 0.043717985760391063 9.239552523810886 1.0 0
435 0 0.4832930238571752 inf 6.628409006053241 0.04681498649374194 9.230588754687693 1.0 0
436 0 0.4832930238571752 inf 6.731224295056888 0.05008686313970318 9.228351022857895 1.0 0
437 0 0.4832930238571752 inf 6.718000075603458 0.05007802458458197 9.065814637901765 1.0 0
438 0 0.4832930238571752 inf 6.810559446602894 0.053774411216737344 9.096435271218645 1.0 0
439 0 0.4832930238571752 inf 6.725954630653343 0.05575039324610502 9.175313699249742 1.0 0
440 0 0.4832930238571752 inf 6.715856519234044 0.05261898344418083 9.25531998558441 1.0 0
441 0 0.4832930238571752 inf 6.631060157822672 0.0517840329203021 9.247796172088727 1.0 0
442 0 0.4832930238571752 inf 6.656149931212937 0.04575195230747842 9.325834174074473 1.0 0
443 0 0.4832930238571752 inf 6.713004617962176 0.05124107276755735 9.10327670251384 1.0 0
444 0 0.4832930238571752 149659.9931183511 6.742050340342197 0.04377715159796126 9.16221176397592 1.0 0
445 0 0.4832930238571752 inf 6.647309268360332 0.044116979649755854 9.268892185662274 1.0 0
446 0 0.4832930238571752 inf 6.697713032800508 0.05452972185532902 9.164676606237425 1.0 0
447 0 0.4832930238571752 inf 6.713189128254477 0.051228291062307384 9.125661097339872 1.0 0
448 0 0.4832930238571752 150989.1833669064 6.839126934382851 0.04822269372426945 9.103519545743517 1.0 0
449 0 0.4832930238571752 inf 6.8629607427872905 0.05064051175726228 9.237893635061269 1.0 0
450 0 0.4832930238571752 inf 6.645380746826777 0.059865408539892674 9.189538599100212 1.0 0
451 0 0.7847599703514611 77523301.62958449 6.692196826592282 0.045638935364117644 9.113849676376123 1.0 0
452 0 0.7847599703514611 inf 6.689028128318789 0.054963398149798275 9.321145821764322 1.0 0
453 0 0.7847599703514611 150659.3690221177 6.7083517893894085 0.039179940152739554 9.168294892808186 1.0 0
454 0 0.7847599703514611 inf 6.541523222192468 0.045800429589717306 9.277034060266296 1.0 0
455 0 0.7847599703514611 inf 6.845752372769403 0.05405743557453038 9.253116298362498 1.0 0
456 0 0.7847599703514611 inf 6.797255317295091 0.03753762996111957 9.286776253741829 1.0 0
457 0 0.7847599703514611 inf 6.561428703986728 0.05217241194678735 9.222503354352432 1.0 0
458 0 0.7847599703514611 372643982.43343294 6.665346943199166 0.047886267762722715 9.019978411632561 1.0 0
459 0 0.7847599703514611 inf 6.613175353606486 0.041952603610766005 9.312346338176402 1.0 0
460 0 0.7847599703514611 inf 6.807684875564126 0.036737200048260546 9.231835994414764 1.0 0
461 0 0.7847599703514611 inf 6.591170162740955 0.0576045057348905 9.220694871269473 1.0 0
462 0 0.7847599703514611 inf 6.873247072504578 0.04821679964311068 9.211865773522181 1.0 0
463 0 0.7847599703514611 inf 6.652117842941992 0.0514927096313683 9.2382791112375 1.0 0
464 0 0.7847599703514611 inf 6.828040494692567 0.047661774550275225 9.341019822364524 1.0 0
465 0 0.7847599703514611 153091.26698408497 6.915116660825109 0.04067309120772983 9.156837075949147 1.0 0
466 0 0.7847599703514611 inf 6.689977356678376 0.043508853006588674 9.274738850671804 1.0 0
467 0 0.7847599703514611 inf 6.6708305075514716 0.05690861156675559 9.230791424803009 1.0 0
468 0 0.7847599703514611 inf 6.681214040391502 0.033868310945523415 9.389816737276737 1.0 0
469 0 0.7847599703514611 inf 6.755499938086762 0.05037526432821035 9.173819073997745 1.0 0
470 0 0.7847599703514611 inf 6.773749131314171 0.04902255717193048 9.401613672149335 1.0 0
471 0 0.7847599703514611 inf 6.600326168783214 0.04953163286169842 9.270496972056389 1.0 0
472 0 0.7847599703514611 764687679.2400889 6.626900552015821 0.04700340430140607 9.197946800186974 1.0 0
473 0 0.7847599703514611 inf 6.792981242867317 0.0460826079207173 9.242409475569849 1.0 0
474 0 0.7847599703514611 inf 6.807419020861114 0.05202185056463721 9.183670074597762 1.0 0
475 0 0.7847599703514611 inf 6.714134595505651 0.048291713480504365 9.20613431015897 1.0 0
476 0 0.7847599703514611 inf 6.7411088591877935 0.04844120462086103 9.272054182755657 1.0 0
477 0 0.7847599703514611 inf 6.665800984936073 0.05461025846749502 9.352878837625207 1.0 0
478 0 0.7847599703514611 inf 6.839073945326638 0.050824489788279685 9.106356955747636 1.0 0
479 0 0.7847599703514611 150669.86971743195 6.762541211169782 0.0493803761843708 9.031679941554255 1.0 0
480 0 0.7847599703514611 inf 6.850907450683101 0.0472822262397064 9.215119371887802 1.0 0
481 0 0.7847599703514611 150206.11675420668 6.792593249649856 0.04732704698239812 9.109567212311992 1.0 0
482 0 0.7847599703514611 1443223534.6377356 6.551074823697483 0.040555043823266614 9.105917500304418 1.0 0
483 0 0.7847599703514611 inf 6.567637158162938 0.04583453842192711 9.217870784260038 1.0 0
484 0 0.7847599703514611 inf 6.764698691600709 0.05190792869873923 9.282646904862574 1.0 0
485 0 0.7847599703514611 152189.71404086103 6.751941564231686 0.047120483359017765 8.970288033740017 1.0 0
486 0 0.7847599703514611 inf 6.649192707718444 0.051635493191074175 9.33512813972342 1.0 0
487 0 0.7847599703514611 inf 6.657818919664009 0.05335642646014792 9.220445039383188 1.0 0
488 0 0.7847599703514611 inf 6.7851086794644 0.055758368760837375 9.32580011120013 1.0 0
489 0 0.7847599703514611 174346970.16358015 6.683569388759044 0.0491619774867786 9.148786530931405 1.0 0
490 0 0.7847599703514611 inf 6.606703136880135 0.05127873410324483 9.270833050909975 1.0 0
491 0 0.7847599703514611 inf 6.802228021787583 0.04721530686668991 9.29961912490508 1.0 0
492 0 0.7847599703514611 inf 6.689093629077432 0.06220194726675632 9.190753262708327 1.0 0
493 0 0.7847599703514611 148491.79830658739 6.7753058137948745 0.049733294351344985 9.169024959562066 1.0 0
494 0 0.7847599703514611 153257.03320748932 6.941523068359979 0.04181907008495789 9.160876635930046 1.0 0
495 0 0.7847599703514611 inf 6.834856772136346 0.04640240077076787 9.293469580355243 1.0 0
496 0 0.7847599703514611 inf 6.658095394583627 0.05680608915053564 9.01977124418373 1.0 0
497 0 0.7847599703514611 inf 6.556968774489258 0.05529690818151319 9.222294397810522 1.0 0
498 0 0.7847599703514611 151625.54712312948 6.8034150600657055 0.04205137461406993 9.111122008172428 1.0 0
499 0 0.7847599703514611 inf 6.795135050954484 0.04772640488319082 9.285419849039377 1.0 0
500 0 0.7847599703514611 inf 6.740860044535965 0.04216491683914877 9.244325375347048 1.0 0
501 0 1.2742749857031335 inf 6.756063872865757 0.05663243086170681 9.084508170478792 1.0 0
502 0 1.2742749857031335 1274208453.5890045 6.5712356719491245 0.04859696975611019 9.149744699122511 1.0 0
503 0 1.2742749857031335 inf 6.856708936464246 0.06130473867965243 9.10045979646413 1.0 0
504 0 1.2742749857031335 167748149.93812314 6.6841628863254945 0.04637135290629132 9.168676911431147 1.0 0
505 0 1.2742749857031335 inf 6.82273546364429 0.05089804234756793 9.061822719009466 1.0 0
506 0 1.2742749857031335 inf 6.675157384253287 0.05079972757660019 9.15025358805044 1.0 0
507 0 1.2742749857031335 inf 6.9395538107215495 0.05716384501087933 9.207332647148188 1.0 0
508 0 1.2742749857031335 inf 6.6293326081981885 0.05073924249453698 9.154887973928176 1.0 0
509 0 1.2742749857031335 725539444.4952253 6.630896335968651 0.04994969982097397 9.069902454989723 1.0 0
510 0 1.2742749857031335 inf 6.70163550059942 0.05108573313175833 9.14109906778751 1.0 0
511 0 1.2742749857031335 inf 6.645421280244159 0.037864506707849396 9.356787578663514 1.0 0
512 0 1.2742749857031335 inf 6.63012331346518 0.052209057975757575 9.2535806662762 1.0 0
513 0 1.2742749857031335 inf 6.59020309554757 0.049552547382285275 9.24583223321894 1.0 0
514 0 1.2742749857031335 inf 6.865107005566848 0.053857739207426175 8.991208116867618 1.0 0
515 0 1.2742749857031335 inf 6.629869012370538 0.04724121627824677 9.41404158256932 1.0 0
516 0 1.2742749857031335 inf 6.602942876691686 0.06048594893504089 9.240279947430047 1.0 0
517 0 1.2742749857031335 inf 6.7008400718257395 0.0465496764934453 9.368343957034883 1.0 0
518 0 1.2742749857031335 inf 6.6756221105617914 0.05248884470473729 9.176478100122692 1.0 0
519 0 1.2742749857031335 inf 6.61274367503021 0.040761813194072086 9.213916024716626 1.0 0
520 0 1.2742749857031335 297981967.94281757 6.672298230037331 0.04338790014133889 9.003524451858867 1.0 0
521 0 1.2742749857031335 inf 6.879101399326185 0.049583864261033034 9.380287476743254 1.0 0
522 0 1.2742749857031335 inf 6.897095939491128 0.04755183608862816 9.200918502126454 1.0 0
523 0 1.2742749857031335 inf 6.805621859545145 0.046596723888818324 9.278226932913118 1.0 0
524 0 1.2742749857031335 inf 6.6974628819035615 0.05261229269620303 9.15712421875605 1.0 0
525 0 1.2742749857031335 inf 6.719564832263774 0.051541240990433584 9.099094729932192 1.0 0
526 0 1.2742749857031335 inf 6.766611183318109 0.048801135549440496 9.279543470402706 1.0 0
527 0 1.2742749857031335 inf 6.647684161485574 0.05262115182620776 9.071873603741324 1.0 0
528 0 1.2742749857031335 inf 6.65743857114275 0.050367471031690855 9.125057131256375 1.0 0
529 0 1.2742749857031335 inf 6.524356735142431 0.0444378557325546 9.354977681851953 1.0 0
530 0 1.2742749857031335 149916.77930357598 6.777258551458171 0.04557934875188956 9.139756895050942 1.0 0
531 0 1.2742749857031335 327561723.4349485 6.669557431161752 0.04405444381075056 9.135419500371993 1.0 0
532 0 1.2742749857031335 inf 6.733002592288263 0.05249880312119766 9.314798367806805 1.0 0
533 0 1.2742749857031335 inf 6.663760467630501 0.0484861251690142 9.25961005719646 1.0 0
534 0 1.2742749857031335 inf 6.694181078303463 0.04621632393721097 9.273079465257728 1.0 0
535 0 1.2742749857031335 inf 6.549521225044473 0.05412750974695955 9.256015926019826 1.0 0
536 0 1.2742749857031335 inf 6.810415707814079 0.05754865402162705 9.354708234486155 1.0 0
537 0 1.2742749857031335 956511036.4059662 6.6067721728754565 0.04509882936883067 9.147288687686068 1.0 0
538 0 1.2742749857031335 150305.747569894 6.812337992596341 0.04363122825917948 9.182997318161876 1.0 0
539 0 1.2742749857031335 inf 6.467609067942395 0.042883034279749044 9.333329078527877 1.0 0
540 0 1.2742749857031335 inf 6.592092311380679 0.045039266386537345 9.24639700230695 1.0 0
541 0 1.2742749857031335 inf 6.66799011468874 0.05012769249450388 9.211822118352696 1.0 0
542 0 1.2742749857031335 inf 6.876286228713764 0.055804014675882134 9.358356657226972 1.0 0
543 0 1.2742749857031335 inf 6.686348125532918 0.05653979197672653 9.30628928110916 1.0 0
544 0 1.2742749857031335 inf 6.482698288629939 0.048102496223333215 9.279700216097323 1.0 0
545 0 1.2742749857031335 inf 6.6422776484795705 0.044866579942011625 9.281522734372807 1.0 0
546 0 1.2742749857031335 149419.59531698708 6.70764815901551 0.04802937094144737 9.06398941597847 1.0 0
547 0 1.2742749857031335 inf 6.673311728450742 0.058247838646884015 9.174099398403705 1.0 0
548 0 1.2742749857031335 inf 6.67985321364501 0.0512152565657984 9.27428278460969 1.0 0
549 0 1.2742749857031335 inf 6.680812896631115 0.04690993535813603 9.219437343650183 1.0 0
550 0 1.2742749857031335 inf 6.729603666502891 0.043827999484646135 9.23418254497273 1.0 0
551 0 2.06913808111479 inf 6.523460860096754 0.05193429478334866 9.210326434254492 1.0 0
552 0 2.06913808111479 inf 6.9209496711024725 0.060255122154705534 9.08631397297528 1.0 0
553 0 2.06913808111479 inf 6.762511129314611 0.054896828991163216 8.93924756668384 1.0 0
554 0 2.06913808111479 1331049567.1858687 6.564559299641164 0.04592769791663373 9.166472194934256 1.0 0
555 0 2.06913808111479 609977016.8592862 6.642481408395814 0.04834871169600265 9.12851988803605 1.0 0
556 0 2.06913808111479 inf 6.720415881004303 0.048446106107362524 9.398813034757435 1.0 0
557 0 2.06913808111479 inf 6.654292601304864 0.046466428662894466 9.232125583476892 1.0 0
558 0 2.06913808111479 inf 6.842704166795829 0.04148752234887156 9.245720612565327 1.0 0
559 0 2.06913808111479 150492.18144219834 6.74938616169839 0.04759868368885892 9.046517766326543 1.0 0
560 0 2.06913808111479 inf 6.813065187361755 0.05602459828857259 9.210894720161384 1.0 0
561 0 2.06913808111479 inf 6.502361703676878 0.05030709228152629 9.207484581852098 1.0 0
562 0 2.06913808111479 inf 6.785604771832822 0.05185836090171929 9.029973714984996 1.0 0
563 0 2.06913808111479 inf 6.924339440279433 0.04580794516150159 9.301476025431501 1.0 0
564 0 2.06913808111479 inf 6.834030008082679 0.05029891585725288 9.140549607086742 1.0 0
565 0 2.06913808111479 inf 6.834204082502261 0.04824149182184523 9.308791489763635 1.0 0
566 0 2.06913808111479 125272322.55732323 6.687963654011789 0.04237794239258625 9.194935712505336 1.0 0
567 0 2.06913808111479 inf 6.733030439247698 0.0434305251353794 9.323321426211255 1.0 0
568 0 2.06913808111479 200310820.16221693 6.681226507904442 0.049547604101533894 9.113965979360113 1.0 0
569 0 2.06913808111479 inf 6.628407637432197 0.053508100322484424 9.233682474246637 1.0 0
570 0 2.06913808111479 149730.49934053983 6.727599600617567 0.04831458495458916 9.060120261293008 1.0 0
571 0 2.06913808111479 149343.85925399727 6.7138578565721705 0.048452092819648046 9.068910303074842 1.0 0
572 0 2.06913808111479 inf 6.60305799412025 0.05302839646527492 9.245725973550766 1.0 0
573 0 2.06913808111479 inf 6.819436821257879 0.048655724042075965 9.330054934952717 1.0 0
574 0 2.06913808111479 318713197.91977584 6.670378953697921 0.048727004611704504 9.147787434337891 1.0 0
575 0 2.06913808111479 149179.6485098851 6.732330046929208 0.04672673796367973 9.127965856306316 1.0 0
576 0 2.06913808111479 inf 6.523087943871754 0.050614724942264606 9.356505120704853 1.0 0
577 0 2.06913808111479 inf 6.682397150089328 0.04280081302892259 9.229878970401383 1.0 0
578 0 2.06913808111479 150994.43362053102 6.920210665910745 0.04998122677633801 9.16876339363417 1.0 0
579 0 2.06913808111479 inf 6.700180786027039 0.049204395676675325 9.356694640827188 1.0 0
580 0 2.06913808111479 inf 6.613103280050196 0.040829739413122554 9.221523094663231 1.0 0
581 0 2.06913808111479 inf 6.762779191675143 0.048726057868535365 9.277180785195053 1.0 0
582 0 2.06913808111479 1142204455.9321117 6.586355763807448 0.047028120592014076 9.199149349735931 1.0 0
583 0 2.06913808111479 inf 6.815382491088981 0.05640389004439568 9.068837577870598 1.0 0
584 0 2.06913808111479 inf 6.861535853779541 0.03909908205151408 9.231728664979368 1.0 0
585 0 2.06913808111479 inf 6.587713063831741 0.04831399808027856 9.318339566067456 1.0 0
586 0 2.06913808111479 inf 6.84955695714936 0.04769488252391141 9.24025153264055 1.0 0
587 0 2.06913808111479 148824.69835825125 6.738092508056396 0.048672119343554573 9.125341354592901 1.0 0
588 0 2.06913808111479 inf 6.8639210745851695 0.05127467009499298 9.187519198585996 1.0 0
589 0 2.06913808111479 inf 6.704470081254548 0.05199955636323772 9.14544422166299 1.0 0
590 0 2.06913808111479 inf 6.784349808567221 0.055332692268538534 9.317359791812358 1.0 0
591 0 2.06913808111479 inf 6.781293013509505 0.05421329066511174 9.230957267952915 1.0 0
592 0 2.06913808111479 inf 6.614725880266438 0.05150002215156519 9.166124655290332 1.0 0
593 0 2.06913808111479 150230.94564829656 6.768563547483831 0.04345680269437595 9.148543351541832 1.0 0
594 0 2.06913808111479 inf 6.771862196781858 0.0492215397331126 9.212244050607483 1.0 0
595 0 2.06913808111479 inf 6.860841240020213 0.050709588833771316 9.182614440979025 1.0 0
596 0 2.06913808111479 inf 6.6779617313098125 0.05277024232227125 9.166178893682886 1.0 0
597 0 2.06913808111479 inf 6.76334579138052 0.04490286491901772 9.213982158702853 1.0 0
598 0 2.06913808111479 inf 6.608163504603645 0.05145709784260675 9.276770976413259 1.0 0
599 0 2.06913808111479 inf 6.777419759409783 0.0524103080106284 9.233994327749748 1.0 0
600 0 2.06913808111479 inf 6.702155636612502 0.04220911830167972 9.23557399984619 1.0 0
601 0 3.359818286283781 inf 6.586097605508854 0.051955756454121815 9.12171254300058 1.0 0
602 0 3.359818286283781 151015.05440277685 6.804717243201476 0.04245396345545478 9.146413349679426 1.0 0
603 0 3.359818286283781 inf 6.7107772152702205 0.0535516203039073 9.267459489808529 1.0 0
604 0 3.359818286283781 inf 6.751412060274823 0.052686489133628715 9.08437105272384 1.0 0
605 0 3.359818286283781 inf 6.86560529923934 0.06063196068780307 9.090760701987254 1.0 0
606 0 3.359818286283781 inf 6.780484253340811 0.04226729716968781 9.296444005595587 1.0 0
607 0 3.359818286283781 inf 6.743561380241766 0.055176443669136044 9.195684816267226 1.0 0
608 0 3.359818286283781 inf 6.816570540822547 0.041252775651960075 9.240738609646778 1.0 0
609 0 3.359818286283781 inf 6.668905781487022 0.04029039596260105 9.263285200944276 1.0 0
610 0 3.359818286283781 inf 6.70258798497118 0.05722661248540402 9.290157189073476 1.0 0
611 0 3.359818286283781 inf 6.651481378330418 0.05204763783297046 8.999070109191335 1.0 0
612 0 3.359818286283781 inf 6.707514243987647 0.055794156083611976 9.196789011121101 1.0 0
613 0 3.359818286283781 178334459.22537756 6.683210765172681 0.03960041182635173 9.01651317299337 1.0 0
614 0 3.359818286283781 148585.22408088358 6.773964050849455 0.04979422213099485 9.16006115247316 1.0 0
615 0 3.359818286283781 inf 6.740916685955267 0.05994153342840226 9.113651871606965 1.0 0
616 0 3.359818286283781 inf 6.805578598488839 0.04425078839548006 9.34936978288604 1.0 0
617 0 3.359818286283781 1638301338.608033 6.526577691867405 0.04853454470195456 9.183654638818867 1.0 0
618 0 3.359818286283781 inf 6.775891949303937 0.04382159983289693 9.248941445982085 1.0 0
619 0 3.359818286283781 inf 6.713782263171036 0.04397945955731527 9.392805487459917 1.0 0
620 0 3.359818286283781 61961701.87398149 6.693567629475946 0.041627880202575074 9.16010915976971 1.0 0
621 0 3.359818286283781 inf 6.851040529944774 0.055481408369723116 9.034213145024665 1.0 0
622 0 3.359818286283781 inf 6.653388119303 0.0515441069538744 9.321315008657828 1.0 0
623 0 3.359818286283781 inf 6.604250506320769 0.050801417346880325 9.363574017187 1.0 0
624 0 3.359818286283781 606237803.5919394 6.642851295401008 0.04877114986189213 9.002467440666159 1.0 0
625 0 3.359818286283781 inf 6.716570986994145 0.045581648790570535 9.27329677638729 1.0 0
626 0 3.359818286283781 inf 6.519319666955489 0.05793252140136313 9.288167013741038 1.0 0
627 0 3.359818286283781 inf 6.650943479990206 0.04682163422708305 9.277153607729359 1.0 0
628 0 3.359818286283781 inf 6.852818962090724 0.053159969780258776 9.104451991427498 1.0 0
629 0 3.359818286283781 inf 6.704722140278594 0.042225051962921416 9.288596591500912 1.0 0
630 0 3.359818286283781 inf 6.655376725435659 0.05312173428318416 9.16882548352579 1.0 0
631 0 3.359818286283781 inf 6.692267554002345 0.054440379457692756 9.33057692794787 1.0 0
632 0 3.359818286283781 inf 6.661821230945975 0.04088553428442718 9.25529323318306 1.0 0
633 0 3.359818286283781 inf 6.59013407350535 0.055919615777442186 9.18057725018636 1.0 0
634 0 3.359818286283781 inf 6.661919692269427 0.05609333027242726 9.205954615631848 1.0 0
635 0 3.359818286283781 inf 6.632723637415802 0.04658628164292249 9.201558513950514 1.0 0
636 0 3.359818286283781 inf 6.672406266874981 0.05253500971323179 9.082254774465872 1.0 0
637 0 3.359818286283781 inf 6.7779700355038 0.05247256986080109 9.247827344379713 1.0 0
638 0 3.359818286283781 496318692.55623674 6.653581897173699 0.04810568106063222 9.145482159571547 1.0 0
639 0 3.359818286283781 inf 6.7335137436425825 0.05403095892662888 8.980206091181383 1.0 0
640 0 3.359818286283781 inf 6.674209092771769 0.0475404258470051 9.228554420481005 1.0 0
641 0 3.359818286283781 inf 6.8089841674006015 0.05494920167800686 9.034188994342074 1.0 0
642 0 3.359818286283781 inf 6.86694348473074 0.05145218423842551 9.231484943582867 1.0 0
643 0 3.359818286283781 inf 6.649341194057098 0.040961358847783125 9.271430665267275 1.0 0
644 0 3.359818286283781 inf 6.6425574197537065 0.044226964388446366 9.259071689524463 1.0 0
645 0 3.359818286283781 525259113.9551693 6.650782206912422 0.048623968473491784 9.153798919596484 1.0 0
646 0 3.359818286283781 inf 6.824933414878346 0.04957120252096116 9.302026880455891 1.0 0
647 0 3.359818286283781 inf 6.641651190238412 0.04789324972543454 9.231089994845636 1.0 0
648 0 3.359818286283781 inf 6.71760744537654 0.05897502798715214 9.16715612573387 1.0 0
649 0 3.359818286283781 inf 6.752028550008689 0.05101641672231721 9.194371920860645 1.0 0
650 0 3.359818286283781 150977.22976459184 6.8616196109278835 0.04353444861393704 9.186931285496591 1.0 0
651 0 5.455594781168514 inf 6.932657497399406 0.03977009565784846 9.316685366331495 1.0 0
652 0 5.455594781168514 inf 6.742936466444496 0.044766343667858526 9.287264460403176 1.0 0
653 0 5.455594781168514 148602.21250089217 6.769938218674103 0.048452992066443885 9.177649359946528 1.0 0
654 0 5.455594781168514 152080.19932462942 6.783717677754704 0.043115918525102236 9.048882517055638 1.0 0
655 0 5.455594781168514 inf 6.631188087021733 0.05310171728414679 9.204213725455736 1.0 0
656 0 5.455594781168514 inf 6.794332695492321 0.052412016484123476 9.041167175626047 1.0 0
657 0 5.455594781168514 inf 6.725766225862824 0.049230628053428926 9.247146696293292 1.0 0
658 0 5.455594781168514 inf 6.676088995548777 0.0509366026820622 9.184578827006161 1.0 0
659 0 5.455594781168514 inf 6.756209571600396 0.062031618408217803 9.149737602838607 1.0 0
660 0 5.455594781168514 inf 6.637510772539907 0.04643119563178638 9.200729581217223 1.0 0
661 0 5.455594781168514 inf 6.712994737168464 0.05215135584668378 9.234074897696496 1.0 0
662 0 5.455594781168514 148600.05889683537 6.741091730845835 0.04768565889737693 9.163766626020669 1.0 0
663 0 5.455594781168514 148312.5574569674 6.760831610519175 0.04899860116569485 9.181060257091472 1.0 0
664 0 5.455594781168514 inf 6.672564812127405 0.03890575051447228 9.2176223812913 1.0 0
665 0 5.455594781168514 149957.27463479625 6.75565216170456 0.04291905717220784 9.170837382078789 1.0 0
666 0 5.455594781168514 inf 6.655901443901295 0.05072724932680823 9.24291686866108 1.0 0
667 0 5.455594781168514 inf 6.616804666138567 0.05552452440149651 9.110270703836267 1.0 0
668 0 5.455594781168514 inf 6.7846216048348955 0.05113185076133951 9.105698984127141 1.0 0
669 0 5.455594781168514 inf 6.715481023716517 0.041470087229300207 9.317558965778993 1.0 0
670 0 5.455594781168514 inf 6.662560874946235 0.05099797098547173 9.19077536819714 1.0 0
671 0 5.455594781168514 inf 6.665370307173828 0.04663576711372751 9.220892659177762 1.0 0
672 0 5.455594781168514 inf 6.738044341976902 0.04881908940140843 9.231539569938773 1.0 0
673 0 5.455594781168514 inf 6.570887228444498 0.051431304424713956 9.190976260268826 1.0 0
674 0 5.455594781168514 inf 6.870956769653085 0.05179077313123185 9.295272149368927 1.0 0
675 0 5.455594781168514 inf 6.615631366118721 0.05084329767904494 9.137419537615884 1.0 0
676 0 5.455594781168514 inf 6.707912716832058 0.05161278014395182 9.147352643235347 1.0 0
677 0 5.455594781168514 76843876.77773167 6.692256716588123 0.04659073649415958 9.139286660837877 1.0 0
678 0 5.455594781168514 214938869.2863671 6.679901052642456 0.045535819462838634 9.079462844323448 1.0 0
679 0 5.455594781168514 inf 6.688144225538915 0.051474509818949826 9.341797543224116 1.0 0
680 0 5.455594781168514 148817.31833323187 6.725702197619109 0.045549362028491074 9.178199339474958 1.0 0
681 0 5.455594781168514 inf 6.649102286762323 0.054637188587363585 9.05710124786185 1.0 0
682 0 5.455594781168514 inf 6.791153106486437 0.047020923831704954 9.225983297984742 1.0 0
683 0 5.455594781168514 inf 6.6171512163399075 0.0548349561902207 9.239560835439278 1.0 0
684 0 5.455594781168514 inf 6.712635329331186 0.05154925495553525 9.225979219941864 1.0 0
685 0 5.455594781168514 1654272518.5978684 6.524509738195645 0.044881663993243455 9.136712487696155 1.0 0
686 0 5.455594781168514 inf 6.7628746570177665 0.05303511344056563 9.340494000801884 1.0 0
687 0 5.455594781168514 inf 6.834891163536005 0.05125237583456051 9.277865695162095 1.0 0
688 0 5.455594781168514 inf 6.762386029015782 0.047191335938582164 9.234125223347196 1.0 0
689 0 5.455594781168514 inf 6.703906830527224 0.04787072628893363 9.237306058667563 1.0 0
690 0 5.455594781168514 927450797.5391222 6.609882100342175 0.04686902358437867 9.131248142848008 1.0 0
691 0 5.455594781168514 inf 6.713958155819263 0.05330678644672326 9.281295880022203 1.0 0
692 0 5.455594781168514 inf 6.750107964221294 0.05253734599984635 9.39387018920368 1.0 0
693 0 5.455594781168514 inf 6.764818285149554 0.055287763344621356 9.25309159386294 1.0 0
694 0 5.455594781168514 inf 6.876807082296475 0.04699222549666313 9.280278595125726 1.0 0
695 0 5.455594781168514 inf 6.809222063799329 0.04526041840352523 9.280704232657836 1.0 0
696 0 5.455594781168514 inf 6.613359569178682 0.04539618678809445 9.244252197960217 1.0 0
697 0 5.455594781168514 151582.6855794148 6.812264315620329 0.046241552655778215 9.06712074439671 1.0 0
698 0 5.455594781168514 148390.39557824048 6.6993935056451885 0.04842781619282619 9.124368572452 1.0 0
699 0 5.455594781168514 150922.19174262485 6.804267863543796 0.04890450378000235 9.065493851783254 1.0 0
700 0 5.455594781168514 inf 6.728241858148545 0.051407192166841274 9.200375886310644 1.0 0
701 0 8.858667904100823 inf 6.640325572084369 0.05844081324107689 9.479518904119947 1.0 0
702 0 8.858667904100823 inf 6.461869318103123 0.045731324022187346 9.339433457187054 1.0 0
703 0 8.858667904100823 inf 6.5640025140127545 0.0542962740970123 9.232958692832609 1.0 0
704 0 8.858667904100823 inf 6.621252053541139 0.04392826683276824 9.236978550958638 1.0 0
705 0 8.858667904100823 inf 6.594932127361581 0.045167463095338624 9.354290535324719 1.0 0
706 0 8.858667904100823 inf 6.6756964247870245 0.05707605369086155 9.180410295424148 1.0 0
707 0 8.858667904100823 inf 6.69832418518414 0.04466208851930565 9.346760881569784 1.0 0
708 0 8.858667904100823 inf 6.7333611989882645 0.05034411944383499 9.266785684313195 1.0 0
709 0 8.858667904100823 inf 6.531100837744406 0.05489357155012158 9.088552276698877 1.0 0
710 0 8.858667904100823 inf 6.689053840151215 0.04923666483271508 9.327135869596141 1.0 0
711 0 8.858667904100823 inf 6.682045945264236 0.0463417331842903 9.231540824274477 1.0 0
712 0 8.858667904100823 148534.1930263866 6.744391666935463 0.04659133702392504 9.197182337326547 1.0 0
713 0 8.858667904100823 inf 6.660092127103172 0.05556293149580069 9.08759557172165 1.0 0
714 0 8.858667904100823 1365867684.30033 6.560418255442367 0.04858283756900428 9.177171674448845 1.0 0
715 0 8.858667904100823 inf 6.677266668511085 0.0446495034761992 9.2845882116888 1.0 0
716 0 8.858667904100823 inf 6.758304407041329 0.05379483734312875 9.260651686359205 1.0 0
717 0 8.858667904100823 150658.51231048585 6.853338067633047 0.04658655240606855 9.15361394794889 1.0 0
718 0 8.858667904100823 147939.6104023175 6.730510190361934 0.049977135503692954 9.162106507421266 1.0 0
719 0 8.858667904100823 inf 6.6866226544477145 0.04777887969282672 9.29143247164768 1.0 0
720 0 8.858667904100823 inf 6.626889803277749 0.0551736705553712 9.229066894370936 1.0 0
721 0 8.858667904100823 inf 6.566778498657114 0.05445533535194752 9.18075782173021 1.0 0
722 0 8.858667904100823 inf 6.626688659334792 0.047066552211522214 9.382087016977088 1.0 0
723 0 8.858667904100823 inf 6.660948280742316 0.045789209790940075 9.248182931994641 1.0 0
724 0 8.858667904100823 148572.56933430088 6.777742176932995 0.049947523045825684 9.162334334809136 1.0 0
725 0 8.858667904100823 inf 6.617368315370182 0.053727793965908974 9.281764963262447 1.0 0
726 0 8.858667904100823 1027441561.8476223 6.599086498486191 0.04598986890087576 9.099673950835328 1.0 0
727 0 8.858667904100823 1438078405.8993027 6.55170238399119 0.044721576373121595 9.14801788770159 1.0 0
728 0 8.858667904100823 inf 6.508323235199164 0.050795354141801044 9.313483299396248 1.0 0
729 0 8.858667904100823 inf 6.392347104169955 0.0562690936365394 9.088077308669181 1.0 0
730 0 8.858667904100823 150100.32979096472 6.701791108997204 0.0405832675164364 9.17301014114905 1.0 0
731 0 8.858667904100823 inf 6.624084733273492 0.050723197596634705 9.115678900602363 1.0 0
732 0 8.858667904100823 inf 6.662670879490998 0.051100385275770835 9.173480282905476 1.0 0
733 0 8.858667904100823 inf 6.681334802397852 0.05074477790846557 9.11206617221739 1.0 0
734 0 8.858667904100823 inf 6.677219041726344 0.05549697114048577 9.250410186790377 1.0 0
735 0 8.858667904100823 inf 6.781272232792785 0.049002060419844395 9.268251434818971 1.0 0
736 0 8.858667904100823 inf 6.895285787232241 0.04917518194856867 9.401208238966815 1.0 0
737 0 8.858667904100823 inf 6.553931726707308 0.055147038953195004 9.088194646582616 1.0 0
738 0 8.858667904100823 inf 6.8959201879792795 0.06468269370028326 9.251306875864431 1.0 0
739 0 8.858667904100823 inf 6.790019832039881 0.053963966047892095 9.15291635644559 1.0 0
740 0 8.858667904100823 inf 6.548789704015926 0.05667611485154991 8.928518523106334 1.0 0
741 0 8.858667904100823 inf 6.729300122195493 0.04437504570125404 9.288593260295405 1.0 0
742 0 8.858667904100823 149968.85529702622 6.703691377026491 0.04393081265808909 9.094283210409403 1.0 0
743 0 8.858667904100823 inf 6.862020599790701 0.059604543651670346 9.221493128028113 1.0 0
744 0 8.858667904100823 inf 6.7734089985941095 0.057067170293027845 9.18023518191371 1.0 0
745 0 8.858667904100823 inf 6.701861006825655 0.04627646064765287 9.411656039694687 1.0 0
746 0 8.858667904100823 inf 6.7905306295123955 0.0529951503516204 9.346614297747234 1.0 0
747 0 8.858667904100823 inf 6.764176158112535 0.05488816922615033 9.141695544462916 1.0 0
748 0 8.858667904100823 150421.87533364567 6.769022741825825 0.04103081212864881 9.192083448889965 1.0 0
749 0 8.858667904100823 150877.77930651465 6.822360951849443 0.04536159084259588 9.126164093374786 1.0 0
750 0 8.858667904100823 inf 6.930894283928124 0.04612920584791414 9.243235666699919 1.0 0
751 0 14.38449888287663 151744.2094361467 6.844751557000102 0.048803014791100545 9.069261745997926 1.0 0
752 0 14.38449888287663 inf 6.762179182375289 0.061014966913970896 9.314424016287425 1.0 0
753 0 14.38449888287663 inf 6.8281260515340785 0.053617968951317034 9.16602764885148 1.0 0
754 0 14.38449888287663 inf 6.864732598159243 0.0442495751579184 9.305821465037209 1.0 0
755 0 14.38449888287663 inf 6.702513725576371 0.05640785687054708 9.217359018185366 1.0 0
756 0 14.38449888287663 154734583.8446817 6.685330995884918 0.046967211917574095 9.034941359068787 1.0 0
757 0 14.38449888287663 inf 6.872038574797783 0.05338270063579812 9.243089395537888 1.0 0
758 0 14.38449888287663 601882441.5946789 6.643281461178656 0.04791613003451741 9.101097618585777 1.0 0
759 0 14.38449888287663 inf 6.771397513502682 0.05183910273286422 9.240345574454304 1.0 0
760 0 14.38449888287663 inf 6.74297241539435 0.042942776548315326 9.231129055222995 1.0 0
761 0 14.38449888287663 inf 6.641067508779799 0.053058996840552305 9.069898653504646 1.0 0
762 0 14.38449888287663 inf 6.675792652253784 0.05357833700991286 9.175824823114512 1.0 0
763 0 14.38449888287663 inf 6.927760335690718 0.051750709064406986 9.265139542367693 1.0 0
764 0 14.38449888287663 inf 6.5713416159615035 0.04510568846732905 9.330467504038655 1.0 0
765 0 14.38449888287663 149655.42961334417 6.776449665087108 0.04536059892567207 9.162102692659571 1.0 0
766 0 14.38449888287663 149362.83172472322 6.79662102323459 0.046321066792876044 9.186004287487052 1.0 0
767 0 14.38449888287663 inf 6.695194661466006 0.03534434031954907 9.2904039493107 1.0 0
768 0 14.38449888287663 159956.67797816396 6.963095593359321 0.047959949205268027 8.946474589774473 1.0 0
769 0 14.38449888287663 inf 6.743897848094261 0.05401983023042496 9.304211640943832 1.0 0
770 0 14.38449888287663 944996603.35997 6.608007177249168 0.04731560147276695 9.008241922235143 1.0 0
771 0 14.38449888287663 inf 6.673235085940532 0.04559906864379777 9.345591021695647 1.0 0
772 0 14.38449888287663 inf 6.836479844637817 0.05784827051692443 9.267826458133023 1.0 0
773 0 14.38449888287663 inf 6.804855812666972 0.052391052462152435 9.214182948817555 1.0 0
774 0 14.38449888287663 inf 6.645178127441593 0.05131759492080444 9.16356534441038 1.0 0
775 0 14.38449888287663 inf 6.629154909468377 0.04642052033766775 9.342763190451283 1.0 0
776 0 14.38449888287663 inf 6.805468940164878 0.04475924626065248 9.378209788076175 1.0 0
777 0 14.38449888287663 127409672.71480094 6.687773212319557 0.04522663946546824 9.098539819423381 1.0 0
778 0 14.38449888287663 inf 6.782281051505357 0.05239025157548924 9.101925054669445 1.0 0
779 0 14.38449888287663 150187.1663841995 6.750464642790185 0.0449905868263554 9.104346748248897 1.0 0
780 0 14.38449888287663 inf 6.714593036535032 0.05098454934098895 9.085501473854263 1.0 0
781 0 14.38449888287663 inf 6.9035475543063445 0.05398147338523096 9.103976272788552 1.0 0
782 0 14.38449888287663 831512614.8028738 6.61999391843193 0.04639332459590817 9.124540833336187 1.0 0
783 0 14.38449888287663 inf 6.607597264562228 0.05611247893985923 9.170989821271581 1.0 0
784 0 14.38449888287663 inf 6.851760887852001 0.04808717535658659 9.41008107630113 1.0 0
785 0 14.38449888287663 inf 6.68979386144939 0.044904604239405475 9.24614561868315 1.0 0
786 0 14.38449888287663 inf 6.572658274517319 0.05707821038935694 9.136801322341695 1.0 0
787 0 14.38449888287663 inf 6.740405190579666 0.045702646946711764 9.27762064671166 1.0 0
788 0 14.38449888287663 10985082.487841593 6.698027752434605 0.046476449100644274 9.132644421991294 1.0 0
789 0 14.38449888287663 inf 6.571302439130229 0.0529152384573732 9.162349451063347 1.0 0
790 0 14.38449888287663 inf 6.751093588267937 0.04664359974151232 9.32064418464817 1.0 0
791 0 14.38449888287663 662396137.6518313 6.637264585639087 0.04992047887642637 9.179024836820272 1.0 0
792 0 14.38449888287663 152198.49242836647 6.809770812123233 0.03742603818803979 9.17418343554808 1.0 0
793 0 14.38449888287663 inf 6.749148027221934 0.044767761560893814 9.22391457746958 1.0 0
794 0 14.38449888287663 125860967.2555708 6.687911272130736 0.04342893590996177 9.092833788789948 1.0 0
795 0 14.38449888287663 151042.10171542322 6.895965812590083 0.04593952723509912 9.182794502707885 1.0 0
796 0 14.38449888287663 inf 6.7468591360336125 0.046371557463275245 9.291236930592463 1.0 0
797 0 14.38449888287663 inf 6.773724519389895 0.052725034623187596 9.28086474485005 1.0 0
798 0 14.38449888287663 inf 6.697462048100424 0.04837752386358483 9.226855641071644 1.0 0
799 0 14.38449888287663 923378984.686341 6.6103162415056875 0.042275937035970906 9.115481702589161 1.0 0
800 0 14.38449888287663 inf 6.679359166001245 0.05452578669598423 9.336335163760566 1.0 0
801 0 23.357214690901213 inf 6.550024669672328 0.054266116282799266 9.11606485638651 1.0 0
802 0 23.357214690901213 inf 6.793917674631814 0.0452473436947487 9.283203570125686 1.0 0
803 0 23.357214690901213 inf 6.572554685242161 0.04266437567963897 9.22139887058455 1.0 0
804 0 23.357214690901213 inf 6.717139739257129 0.04898451707542596 9.255494618909065 1.0 0
805 0 23.357214690901213 1121313812.643219 6.588701039964899 0.04948977958152718 9.193270726326448 1.0 0
806 0 23.357214690901213 inf 6.628333453479955 0.0545462725631041 8.990393309692372 1.0 0
807 0 23.357214690901213 148902.5760534024 6.757636097822457 0.046612722460565977 9.177616464335662 1.0 0
808 0 23.357214690901213 inf 6.817133687888479 0.05057684231350394 9.10566934687751 1.0 0
809 0 23.357214690901213 inf 6.553169332066496 0.04688278788240003 9.286265956899257 1.0 0
810 0 23.357214690901213 inf 6.793949600206637 0.05022274322371134 9.331510589228177 1.0 0
811 0 23.357214690901213 inf 6.789930257358506 0.058893051058219806 9.145437440356732 1.0 0
812 0 23.357214690901213 inf 6.908093984679266 0.05525505783359547 9.33456955168037 1.0 0
813 0 23.357214690901213 inf 6.720243165292579 0.04351874118909459 9.23722529452156 1.0 0
814 0 23.357214690901213 inf 6.8811505435137565 0.04936038867201262 9.243482732318936 1.0 0
815 0 23.357214690901213 151897.10528153516 6.831581955785358 0.04953472156394485 9.04435418986266 1.0 0
816 0 23.357214690901213 inf 6.727048560459468 0.053755012024171635 9.156682882008683 1.0 0
817 0 23.357214690901213 inf 6.577028383545052 0.05293146320903024 9.284298769882556 1.0 0
818 0 23.357214690901213 inf 6.598920214568146 0.054835778170756105 9.426486144705455 1.0 0
819 0 23.357214690901213 inf 6.767297364710582 0.05411864847039946 9.316143770393527 1.0 0
820 0 23.357214690901213 153435.45844384882 6.864870006342669 0.04765329882451649 9.02958038446077 1.0 0
821 0 23.357214690901213 149472.24349103792 6.781092008971174 0.04608842355033168 9.166604353222455 1.0 0
822 0 23.357214690901213 inf 6.800288058738646 0.05408235072543938 9.098766232643394 1.0 0
823 0 23.357214690901213 152298.04962733592 6.882662511763739 0.04808231785369745 9.089019247103542 1.0 0
824 0 23.357214690901213 inf 6.894297288605753 0.04849314842122081 9.299920283191025 1.0 0
825 0 23.357214690901213 730995206.299937 6.63034164655245 0.04931857151163479 9.116033077757095 1.0 0
826 0 23.357214690901213 inf 6.796542229268991 0.05080789125826511 9.213704062849255 1.0 0
827 0 23.357214690901213 150124.5089959273 6.842045143845981 0.04839391822587673 9.150358242649588 1.0 0
828 0 23.357214690901213 inf 6.7230121692892 0.04062021544165624 9.20991293170248 1.0 0
829 0 23.357214690901213 inf 6.540764650998909 0.05329909944162863 9.252629102549925 1.0 0
830 0 23.357214690901213 inf 6.861818586469965 0.05108582524663334 9.259971318076303 1.0 0
831 0 23.357214690901213 902265054.0992045 6.61255948849453 0.047863109048832654 9.144800264808476 1.0 0
832 0 23.357214690901213 inf 6.7120016657868105 0.058161822666725496 9.273788402117903 1.0 0
833 0 23.357214690901213 inf 6.645879444407259 0.050911817110998556 9.193904680231286 1.0 0
834 0 23.357214690901213 inf 6.773880376578366 0.04858370840475083 9.271699802565164 1.0 0
835 0 23.357214690901213 inf 6.8691519804109955 0.04087337656962936 9.211168611675534 1.0 0
836 0 23.357214690901213 inf 6.724698282700836 0.05596166189802923 9.400470054290981 1.0 0
837 0 23.357214690901213 inf 6.690078143109121 0.054018876814676944 9.053467977667541 1.0 0
838 0 23.357214690901213 1922174626.3445187 6.488264757923465 0.046354367986798636 9.098517022707583 1.0 0
839 0 23.357214690901213 inf 6.656341251178431 0.06039239101388777 9.177276644397969 1.0 0
840 0 23.357214690901213 inf 6.80349582984213 0.0523213518813721 9.23128235416618 1.0 0
841 0 23.357214690901213 inf 6.793506773004878 0.04945346865454983 9.238431841609406 1.0 0
842 0 23.357214690901213 inf 6.776617940860205 0.05187548433720061 9.324749062855776 1.0 0
843 0 23.357214690901213 inf 6.737464414488711 0.05288432789068246 9.19172742748181 1.0 0
844 0 23.357214690901213 inf 6.8650229186987906 0.0503011656251689 9.12496458632878 1.0 0
845 0 23.357214690901213 inf 6.701435696449943 0.059706981967881476 9.077480756964496 1.0 0
846 0 23.357214690901213 inf 6.652150166439616 0.05397177423142577 9.13817278275501 1.0 0
847 0 23.357214690901213 300546527.08317417 6.67206113382021 0.04513214550816653 9.107986822985945 1.0 0
848 0 23.357214690901213 inf 6.703252603840413 0.05436088677982667 9.206883598001266 1.0 0
849 0 23.357214690901213 2193742167.765652 6.448150494368502 0.043636811539284434 9.057327114679177 1.0 0
850 0 23.357214690901213 149286.63030174415 6.733627524571858 0.046595111171423745 9.123624585894628 1.0 0
851 0 37.92690190732246 inf 6.672484325438285 0.050276439953178896 9.251187951775995 1.0 0
852 0 37.92690190732246 484143133.7473773 6.6547544695606575 0.043785835492119785 9.172518831388864 1.0 0
853 0 37.92690190732246 inf 6.659885733180904 0.05268083879378756 9.35027915205024 1.0 0
854 0 37.92690190732246 inf 6.658487363081133 0.058120492996054006 9.2103786146095 1.0 0
855 0 37.92690190732246 inf 6.610144328323118 0.051269532068714284 9.071489763393535 1.0 0
856 0 37.92690190732246 150979.3692182309 6.850755773428616 0.045654077269322 9.14473204525797 1.0 0
857 0 37.92690190732246 inf 6.745373192095953 0.050975000385523196 9.42127900229585 1.0 0
858 0 37.92690190732246 1338640148.2056117 6.563659968632062 0.04560021752959027 9.104672803131411 1.0 0
859 0 37.92690190732246 inf 6.664519364857042 0.05752119776308557 9.112312895592758 1.0 0
860 0 37.92690190732246 inf 6.63785796102466 0.05152213834971622 9.350311650939366 1.0 0
861 0 37.92690190732246 inf 6.615355229810647 0.05311790502292782 9.142451107791663 1.0 0
862 0 37.92690190732246 151320.91869058262 6.7328184694434965 0.03872667872322539 9.13888727214165 1.0 0
863 0 37.92690190732246 inf 6.703252171668601 0.05227557693452466 9.314588011189809 1.0 0
864 0 37.92690190732246 158537.4499862758 6.890813297296165 0.038382539005634986 8.930372625192703 1.0 0
865 0 37.92690190732246 inf 6.53182028360029 0.04608032470014131 9.250843104054038 1.0 0
866 0 37.92690190732246 inf 6.643073582665329 0.04521326918921842 9.287470126688685 1.0 0
867 0 37.92690190732246 1165224050.6452363 6.5837566389208 0.04899192058438887 9.135455521951664 1.0 0
868 0 37.92690190732246 inf 6.896522399177252 0.055743949070473295 9.13509756394657 1.0 0
869 0 37.92690190732246 inf 6.619350290946296 0.05017533015938082 9.321229143047784 1.0 0
870 0 37.92690190732246 inf 6.742989704572437 0.05279321198002689 9.080888951287546 1.0 0
871 0 37.92690190732246 inf 6.617068382771835 0.04602949730155246 9.317517933426265 1.0 0
872 0 37.92690190732246 inf 6.684564534153227 0.05604782937294557 9.216126203069592 1.0 0
873 0 37.92690190732246 inf 6.703786540877345 0.046855839628150965 9.237577792133315 1.0 0
874 0 37.92690190732246 inf 6.569947385396803 0.056634161492445524 9.231623252844392 1.0 0
875 0 37.92690190732246 inf 6.723410966199524 0.03909408777906753 9.392470330381293 1.0 0
876 0 37.92690190732246 inf 6.790445115674487 0.0531064227100514 9.1434323958456 1.0 0
877 0 37.92690190732246 inf 6.761296605628688 0.041995298020863096 9.232188775690354 1.0 0
878 0 37.92690190732246 inf 6.680497306864164 0.05410254698972251 9.260674941277435 1.0 0
879 0 37.92690190732246 inf 6.633838943804833 0.04904575494004819 9.32942474557874 1.0 0
880 0 37.92690190732246 inf 6.823440383218064 0.055420942904280145 9.248881783232042 1.0 0
881 0 37.92690190732246 inf 6.663883035198394 0.051085376114538256 9.208870053091069 1.0 0
882 0 37.92690190732246 inf 6.85108951426271 0.04514113320432117 9.313690432159515 1.0 0
883 0 37.92690190732246 inf 6.653467658647508 0.055875746059386416 9.00676155412555 1.0 0
884 0 37.92690190732246 inf 6.952542442983909 0.05042285928519767 9.080585363984087 1.0 0
885 0 37.92690190732246 inf 6.598505757313176 0.05203552123323023 9.137738501884659 1.0 0
886 0 37.92690190732246 inf 6.646064342298397 0.060208134089079914 9.154965455291453 1.0 0
887 0 37.92690190732246 114295758.45550519 6.688940406863204 0.04861061423116694 9.073408046408842 1.0 0
888 0 37.92690190732246 inf 6.822448844898564 0.04889723285044134 9.27940514351258 1.0 0
889 0 37.92690190732246 inf 6.762136725043247 0.04288356905743504 9.273395229356751 1.0 0
890 0 37.92690190732246 151396.39653163482 6.797297965999745 0.043540916208879746 9.09614923031736 1.0 0
891 0 37.92690190732246 149406.8816247454 6.76752349384951 0.048239798531117116 9.121573587538174 1.0 0
892 0 37.92690190732246 inf 6.669530421200179 0.046772220235829914 9.354229505827075 1.0 0
893 0 37.92690190732246 1795520925.0026066 6.505777618153662 0.044512763925136735 8.979568854320815 1.0 0
894 0 37.92690190732246 inf 6.758538124218938 0.052391905714722374 9.387808991702256 1.0 0
895 0 37.92690190732246 inf 6.675017962340228 0.050751000897695984 9.25164604857401 1.0 0
896 0 37.92690190732246 inf 6.619751492602153 0.060781748135120155 9.040196449314559 1.0 0
897 0 37.92690190732246 inf 6.660530777623659 0.05225567989439571 9.148014838648214 1.0 0
898 0 37.92690190732246 150301.17537808075 6.758754408315658 0.04281685622688906 9.147125329784062 1.0 0
899 0 37.92690190732246 inf 6.70783121274022 0.05035185907114954 9.122764299710026 1.0 0
900 0 37.92690190732246 inf 6.724716537297582 0.0554950746607963 9.219252678564965 1.0 0
901 0 61.584821106602604 inf 6.795426873740474 0.05626589337055452 9.253998270197123 1.0 0
902 0 61.584821106602604 inf 6.789333303950852 0.05970009320886552 9.106904708158202 1.0 0
903 0 61.584821106602604 inf 6.6538589387512825 0.051852225041387 9.272852081985475 1.0 0
904 0 61.584821106602604 640642511.6753296 6.639437353940089 0.04165779868476717 9.173389287359019 1.0 0
905 0 61.584821106602604 inf 6.715917912823987 0.045331315007794776 9.221288803271037 1.0 0
906 0 61.584821106602604 inf 6.738849614545969 0.05244747626887543 9.089387376637177 1.0 0
907 0 61.584821106602604 680250782.1745629 6.635473375882372 0.04663177628495276 9.185853664564009 1.0 0
908 0 61.584821106602604 inf 6.7512724685335685 0.04454406838157043 9.257650454168525 1.0 0
909 0 61.584821106602604 inf 6.749983994411555 0.05028784484029632 9.178518428142516 1.0 0
910 0 61.584821106602604 inf 6.637547155464272 0.050564490937077176 9.102658567124822 1.0 0
911 0 61.584821106602604 inf 6.633765797329751 0.05338737828983289 9.161209026224869 1.0 0
912 0 61.584821106602604 102851235.55673257 6.689956519753043 0.04540149481822264 9.120066271589641 1.0 0
913 0 61.584821106602604 inf 6.554386888101052 0.04481852070134293 9.242968899000186 1.0 0
914 0 61.584821106602604 inf 6.736921382253353 0.049339088388536685 9.219076943643934 1.0 0
915 0 61.584821106602604 152602.5336673701 6.857117458116818 0.04520409346396821 9.073471070810958 1.0 0
916 0 61.584821106602604 inf 6.789888803371634 0.044385248807911885 9.23461677849491 1.0 0
917 0 61.584821106602604 inf 6.82090871725885 0.05509000092013244 9.302863738868504 1.0 0
918 0 61.584821106602604 987431358.3247555 6.603438624079511 0.04579286122752291 9.015463049648844 1.0 0
919 0 61.584821106602604 inf 6.589660416664541 0.05032561534808937 9.278948051869975 1.0 0
920 0 61.584821106602604 inf 6.827315561447711 0.04409233858006861 9.230473888579573 1.0 0
921 0 61.584821106602604 inf 6.891432608152188 0.050311002653194804 9.168516607140088 1.0 0
922 0 61.584821106602604 150777.65458897845 6.84178403780917 0.04756140326139067 9.12383696984966 1.0 0
923 0 61.584821106602604 inf 6.786752825308954 0.05866405601564292 9.244950996812364 1.0 0
924 0 61.584821106602604 inf 6.720661539842396 0.05436481224022426 9.267416250557142 1.0 0
925 0 61.584821106602604 inf 6.770612817875537 0.042334158465329716 9.446066192790859 1.0 0
926 0 61.584821106602604 inf 6.676391674349937 0.04718764416383563 9.228060518795363 1.0 0
927 0 61.584821106602604 inf 6.583718404533845 0.05779923278405897 9.384455173538461 1.0 0
928 0 61.584821106602604 inf 6.799553312791698 0.043561497219602514 9.206963413735512 1.0 0
929 0 61.584821106602604 795187538.5996455 6.623761839215342 0.049196213386582324 9.136892640193278 1.0 0
930 0 61.584821106602604 inf 6.773762448426865 0.053874801351097186 9.065646060447865 1.0 0
931 0 61.584821106602604 inf 6.662697547182273 0.053132487928599384 9.421062290496277 1.0 0
932 0 61.584821106602604 inf 6.736749861618551 0.053780378583088595 9.12550148011949 1.0 0
933 0 61.584821106602604 150251.0411511653 6.737051240949801 0.04582896176730071 9.072797381555377 1.0 0
934 0 61.584821106602604 inf 6.73165163575582 0.05527654070623572 9.074311502472222 1.0 0
935 0 61.584821106602604 inf 6.670823859896011 0.04779293637397638 9.255281089360865 1.0 0
936 0 61.584821106602604 inf 6.714774820460535 0.045632486629555935 9.365408748526534 1.0 0
937 0 61.584821106602604 inf 6.667315383000207 0.052001942856488924 9.180238605900422 1.0 0
938 0 61.584821106602604 inf 6.665580971940593 0.05330668118225983 9.17917364243229 1.0 0
939 0 61.584821106602604 inf 6.633137839493368 0.04327208971619896 9.23780405809043 1.0 0
940 0 61.584821106602604 inf 6.85207896241016 0.054008644427447794 9.177186036641547 1.0 0
941 0 61.584821106602604 inf 6.769705442812474 0.05454256851647681 9.283056682819902 1.0 0
942 0 61.584821106602604 inf 6.747835697454125 0.041312895799566735 9.200905289230304 1.0 0
943 0 61.584821106602604 inf 6.668616160779214 0.054672925970528724 9.178205998447739 1.0 0
944 0 61.584821106602604 361178636.67115426 6.666421585364844 0.04626728595755322 9.097155757913093 1.0 0
945 0 61.584821106602604 1822771753.7732522 6.502068465837941 0.047587732415305124 9.15217242958744 1.0 0
946 0 61.584821106602604 149105.50183916115 6.795069334046916 0.04740827820849688 9.183648888886275 1.0 0
947 0 61.584821106602604 inf 6.661467123459904 0.04532137109779478 9.21426048921646 1.0 0
948 0 61.584821106602604 inf 6.625631415393846 0.0504445363163633 9.358907965931303 1.0 0
949 0 61.584821106602604 inf 6.7337527153014145 0.05630136430465168 9.074124709339245 1.0 0
950 0 61.584821106602604 151153.6437475713 6.892766204494577 0.04993105005753615 9.134520007219038 1.0 0
951 0 100.0 inf 6.7924991159276304 0.044268587635547335 9.22027820699497 1.0 0
952 0 100.0 inf 6.5474412532142585 0.052343237207872366 9.208125315443345 1.0 0
953 0 100.0 inf 6.869681510278777 0.05539953058488041 9.142682184460604 1.0 0
954 0 100.0 inf 6.6568587911731285 0.053611389688948095 9.160901151542063 1.0 0
955 0 100.0 inf 6.7880115791961675 0.05130373184432669 9.476670010369387 1.0 0
956 0 100.0 inf 6.69880205829887 0.05046401364306807 9.18007884539828 1.0 0
957 0 100.0 inf 6.693604134477069 0.05659710498422623 9.2698146209374 1.0 0
958 0 100.0 inf 6.648816263970713 0.05300136867265051 9.356701375722173 1.0 0
959 0 100.0 inf 6.639220938085175 0.042996483107920785 9.240486538096343 1.0 0
960 0 100.0 597752819.5519098 6.643688912459244 0.04996599959240375 9.177557837871314 1.0 0
961 0 100.0 2183889544.13208 6.449672404063894 0.04436633472578925 9.18283298663049 1.0 0
962 0 100.0 inf 6.742015805582125 0.0441662029075166 9.318474353436768 1.0 0
963 0 100.0 inf 6.794688905829172 0.05753285252887355 9.149878058982068 1.0 0
964 0 100.0 inf 6.7012034310088575 0.048962003285358525 9.26986897686319 1.0 0
965 0 100.0 inf 6.490293737656116 0.0504388062337063 9.0374699937892 1.0 0
966 0 100.0 inf 6.732607360481202 0.055814715474567386 9.094488686582196 1.0 0
967 0 100.0 280743851.5203271 6.673887224486218 0.045423816266121166 9.151926411809418 1.0 0
968 0 100.0 inf 6.66254001265653 0.05547609471197335 9.339110084794582 1.0 0
969 0 100.0 633025633.5414273 6.640195318660809 0.04839240071660729 9.141074457182775 1.0 0
970 0 100.0 149803.08592338546 6.788577063790417 0.04814015726449601 9.118997260806067 1.0 0
971 0 100.0 inf 6.544458417689967 0.05327931537994269 9.231221159409653 1.0 0
972 0 100.0 inf 6.752584337330594 0.04861787010261896 9.287624367080284 1.0 0
973 0 100.0 inf 6.787320896840257 0.054140876058091814 9.244384484583057 1.0 0
974 0 100.0 149469.70396782624 6.79896408984712 0.047469409820203166 9.160625867020604 1.0 0
975 0 100.0 150797.94933399773 6.826110264933896 0.04983032481211244 9.085053726762455 1.0 0
976 0 100.0 inf 6.725879446951325 0.05758463690443443 9.20407413377062 1.0 0
977 0 100.0 inf 6.750511922465706 0.0564818437026009 9.17551305847113 1.0 0
978 0 100.0 inf 6.586374151881024 0.042945594770978354 9.294184549606863 1.0 0
979 0 100.0 inf 6.773219157061965 0.051580679070410494 9.373250919372488 1.0 0
980 0 100.0 150477.21350006183 6.725799405751761 0.04009369786060614 9.172763348542826 1.0 0
981 0 100.0 inf 6.617908781405591 0.052611382503350373 9.27262457000051 1.0 0
982 0 100.0 inf 6.676085773455045 0.04837954811471046 9.209139279447738 1.0 0
983 0 100.0 inf 6.685729948457663 0.05193305190285659 9.070904723540066 1.0 0
984 0 100.0 inf 6.6515250100331205 0.050918575527161405 9.242621924598737 1.0 0
985 0 100.0 inf 6.674081615202533 0.051520362351459015 9.069998884765047 1.0 0
986 0 100.0 inf 6.641370093015898 0.05060897456244376 9.244813713304257 1.0 0
987 0 100.0 inf 6.546498573754371 0.036154776532979535 9.335975964174946 1.0 0
988 0 100.0 149282.03650328703 6.758917270067705 0.047233837184738 9.137702556027458 1.0 0
989 0 100.0 inf 6.825543186872899 0.05309363143538887 9.179254988843 1.0 0
990 0 100.0 inf 6.730419732808176 0.053058353261191495 9.211675938607902 1.0 0
991 0 100.0 inf 6.937806661586843 0.04414912137510566 9.229159246837344 1.0 0
992 0 100.0 inf 6.5332978360513145 0.061514652170882214 9.181044994226058 1.0 0
993 0 100.0 inf 6.896134460393674 0.04196957944149779 9.325009662943947 1.0 0
994 0 100.0 inf 6.714036113512725 0.05154302449040453 9.263710632887848 1.0 0
995 0 100.0 inf 6.62838445410135 0.04930785966123304 9.32449484008798 1.0 0
996 0 100.0 inf 6.647438943234915 0.05965424354956246 9.226625264386723 1.0 0
997 0 100.0 inf 6.60840724568065 0.051925481143482416 9.172843834216424 1.0 0
998 0 100.0 inf 6.723085301122192 0.046677312122326474 9.286522287974693 1.0 0
999 0 100.0 inf 6.858367142347815 0.05234080582794773 9.138164257284101 1.0 0
1000 0 100.0 inf 6.745876052585353 0.0387756902137096 9.296372091473017 1.0 0
